7.418160079999999823e+00 7.419745719999999878e+00 7.419893479999999819e+00 7.419973559999999857e+00 7.420004080000000002e+00 7.420009079999999813e+00 7.419983239999999647e+00 7.419946359999999963e+00 7.419878200000000312e+00 7.419791440000000016e+00 7.419656840000000031e+00 7.419486960000000408e+00 7.419259560000000420e+00 7.418987959999999937e+00 7.418655760000000043e+00 7.418191479999999949e+00 7.417687439999999910e+00 7.417098720000000256e+00 7.416264879999999948e+00 7.415381599999999906e+00 7.414224919999999663e+00 7.412758359999999769e+00 7.410919400000000046e+00 7.408559480000000086e+00 7.405515720000000357e+00 7.400085039999999559e+00 7.394183639999999613e+00 7.385244319999999973e+00 7.372028079999999761e+00 7.349436719999999923e+00 7.310483200000000181e+00 7.232009520000000080e+00 7.039962919999999791e+00 6.315856880000000118e+00 3.126650688000000144e+01 6.315910599999999597e+00 7.039994840000000309e+00 7.232032160000000154e+00 7.310500600000000126e+00 7.349450840000000262e+00 7.372039960000000391e+00 7.385254640000000315e+00 7.394192799999999899e+00 7.400093319999999864e+00 7.405523279999999708e+00 7.408566480000000176e+00 7.410925920000000389e+00 7.412764519999999635e+00 7.414230759999999698e+00 7.415387159999999866e+00 7.416270279999999993e+00 7.417104000000000141e+00 7.417692599999999636e+00 7.418196560000000161e+00 7.418660799999999611e+00 7.418993040000000150e+00 7.419264720000000146e+00 7.419492280000000051e+00 7.419662399999999991e+00 7.419797120000000135e+00 7.419884480000000337e+00 7.419953439999999567e+00 7.419991600000000354e+00 7.420019439999999911e+00 7.420018319999999612e+00 7.419996000000000258e+00 7.419938000000000144e+00 7.419881079999999685e+00 7.419816520000000359e+00 7.419794920000000182e+00
7.419745719999999878e+00 7.418050400000000266e+00 7.419777080000000247e+00 7.419942479999999563e+00 7.419991719999999624e+00 7.420003040000000105e+00 7.419980040000000443e+00 7.419944400000000329e+00 7.419877040000000257e+00 7.419790719999999951e+00 7.419656680000000115e+00 7.419486759999999848e+00 7.419259480000000018e+00 7.418987999999999694e+00 7.418655880000000202e+00 7.418191639999999865e+00 7.417687639999999583e+00 7.417099000000000331e+00 7.416265160000000023e+00 7.415381879999999981e+00 7.414225240000000383e+00 7.412758679999999600e+00 7.410919680000000120e+00 7.408559760000000161e+00 7.405516000000000432e+00 7.400085279999999877e+00 7.394183800000000417e+00 7.385244400000000375e+00 7.372028040000000004e+00 7.349436439999999848e+00 7.310482480000000116e+00 7.232007880000000277e+00 7.039958600000000288e+00 6.315843759999999918e+00 3.126679247999999944e+01 6.315898400000000024e+00 7.039990760000000236e+00 7.232030240000000276e+00 7.310499599999999987e+00 7.349450319999999870e+00 7.372039759999999831e+00 7.385254599999999670e+00 7.394192880000000301e+00 7.400093479999999779e+00 7.405523520000000026e+00 7.408566719999999606e+00 7.410926240000000220e+00 7.412764840000000355e+00 7.414231120000000175e+00 7.415387520000000343e+00 7.416270680000000226e+00 7.417104359999999730e+00 7.417692999999999870e+00 7.418196960000000395e+00 7.418661239999999601e+00 7.418993480000000140e+00 7.419265160000000137e+00 7.419492680000000284e+00 7.419662800000000225e+00 7.419797520000000368e+00 7.419884879999999683e+00 7.419953800000000044e+00 7.419991959999999942e+00 7.420019759999999742e+00 7.420018599999999687e+00 7.419996239999999688e+00 7.419938120000000303e+00 7.419881039999999928e+00 7.419816240000000285e+00 7.419794040000000201e+00
7.419893479999999819e+00 7.419777080000000247e+00 7.418016040000000366e+00 7.419860159999999816e+00 7.420000080000000331e+00 7.420031279999999896e+00 7.420014959999999604e+00 7.419982280000000152e+00 7.419916279999999809e+00 7.419830799999999726e+00 7.419697199999999881e+00 7.419527839999999763e+00 7.419300520000000176e+00 7.419029199999999769e+00 7.418697159999999791e+00 7.418233039999999612e+00 7.417729119999999732e+00 7.417140479999999592e+00 7.416306719999999686e+00 7.415423399999999887e+00 7.414266800000000046e+00 7.412800240000000151e+00 7.410961239999999783e+00 7.408601319999999824e+00 7.405557479999999693e+00 7.400126679999999624e+00 7.394225160000000407e+00 7.385285599999999562e+00 7.372069080000000163e+00 7.349477199999999932e+00 7.310522719999999808e+00 7.232046959999999913e+00 7.039994880000000066e+00 6.315868199999999710e+00 3.126719879999999918e+01 6.315922879999999573e+00 7.040026359999999706e+00 7.232068960000000324e+00 7.310539559999999604e+00 7.349490920000000038e+00 7.372080679999999830e+00 7.385295759999999987e+00 7.394234159999999889e+00 7.400134880000000415e+00 7.405565000000000175e+00 7.408608280000000157e+00 7.410967799999999883e+00 7.412806480000000420e+00 7.414272760000000240e+00 7.415429200000000165e+00 7.416312360000000048e+00 7.417146080000000197e+00 7.417734679999999692e+00 7.418238679999999974e+00 7.418702920000000312e+00 7.419035199999999719e+00 7.419306839999999958e+00 7.419534399999999863e+00 7.419704519999999803e+00 7.419839200000000190e+00 7.419926560000000393e+00 7.419995479999999866e+00 7.420033639999999764e+00 7.420061399999999807e+00 7.420060199999999995e+00 7.420037800000000239e+00 7.419979599999999564e+00 7.419922399999999918e+00 7.419857440000000359e+00 7.419834960000000201e+00
7.419973559999999857e+00 7.419942479999999563e+00 7.419860159999999816e+00 7.417991439999999770e+00 7.419920000000000293e+00 7.420047880000000262e+00 7.420052799999999671e+00 7.420027280000000225e+00 7.419964399999999571e+00 7.419880359999999619e+00 7.419747680000000400e+00 7.419578839999999786e+00 7.419352120000000106e+00 7.419080720000000184e+00 7.418748840000000122e+00 7.418284840000000102e+00 7.417780999999999736e+00 7.417192439999999998e+00 7.416358680000000092e+00 7.415475479999999564e+00 7.414318839999999966e+00 7.412852319999999828e+00 7.411013320000000348e+00 7.408653319999999987e+00 7.405609479999999856e+00 7.400178640000000030e+00 7.394276999999999767e+00 7.385337319999999650e+00 7.372120599999999691e+00 7.349528359999999871e+00 7.310573319999999597e+00 7.232096440000000293e+00 7.040041360000000026e+00 6.315903239999999919e+00 3.126764531999999974e+01 6.315958039999999940e+00 7.040072679999999750e+00 7.232118200000000385e+00 7.310590079999999880e+00 7.349542040000000220e+00 7.372132200000000246e+00 7.385347440000000319e+00 7.394286039999999893e+00 7.400186839999999933e+00 7.405617040000000095e+00 7.408660359999999834e+00 7.411019959999999962e+00 7.412858639999999610e+00 7.414324960000000075e+00 7.415481400000000001e+00 7.416364559999999884e+00 7.417198280000000032e+00 7.417786920000000173e+00 7.418290919999999566e+00 7.418755199999999661e+00 7.419087440000000200e+00 7.419359120000000196e+00 7.419586680000000101e+00 7.419756760000000284e+00 7.419891439999999783e+00 7.419978799999999985e+00 7.420047720000000346e+00 7.420085839999999600e+00 7.420113599999999643e+00 7.420112360000000074e+00 7.420089919999999672e+00 7.420031680000000129e+00 7.419974439999999838e+00 7.419909360000000120e+00 7.419886720000000047e+00
7.420004080000000002e+00 7.419991719999999624e+00 7.420000080000000331e+00 7.419920000000000293e+00 7.417888200000000154e+00 7.419925880000000085e+00 7.420034079999999754e+00 7.420031279999999896e+00 7.419976079999999641e+00 7.419895440000000342e+00 7.419764279999999879e+00 7.419596399999999647e+00 7.419370200000000359e+00 7.419099479999999858e+00 7.418767520000000282e+00 7.418303680000000178e+00 7.417799959999999970e+00 7.417211479999999746e+00 7.416377800000000242e+00 7.415494640000000359e+00 7.414338080000000275e+00 7.412871520000000380e+00 7.411032559999999769e+00 7.408672600000000052e+00 7.405628720000000165e+00 7.400197799999999937e+00 7.394296119999999917e+00 7.385356319999999641e+00 7.372139439999999766e+00 7.349546919999999872e+00 7.310591360000000094e+00 7.232113520000000406e+00 7.040056240000000187e+00 6.315909040000000196e+00 3.126797492000000034e+01 6.315961879999999695e+00 7.040087040000000407e+00 7.232135160000000340e+00 7.310608079999999731e+00 7.349560559999999576e+00 7.372151040000000322e+00 7.385366480000000067e+00 7.394305199999999800e+00 7.400206080000000242e+00 7.405636359999999918e+00 7.408679760000000059e+00 7.411039360000000187e+00 7.412878079999999592e+00 7.414344400000000057e+00 7.415500879999999739e+00 7.416384039999999622e+00 7.417217800000000416e+00 7.417806399999999911e+00 7.418310439999999950e+00 7.418774720000000045e+00 7.419106959999999695e+00 7.419378639999999692e+00 7.419606199999999596e+00 7.419776279999999780e+00 7.419910960000000166e+00 7.419998320000000369e+00 7.420067200000000085e+00 7.420105320000000226e+00 7.420133039999999625e+00 7.420131800000000055e+00 7.420109319999999897e+00 7.420051039999999709e+00 7.419993759999999661e+00 7.419928600000000429e+00 7.419905879999999954e+00
7.420009079999999813e+00 7.420003040000000105e+00 7.420031279999999896e+00 7.420047880000000262e+00 7.419925880000000085e+00 7.417730080000000115e+00 7.419881919999999909e+00 7.419989799999999747e+00 7.419958920000000013e+00 7.419886479999999729e+00 7.419758999999999993e+00 7.419592759999999565e+00 7.419367639999999930e+00 7.419097439999999821e+00 7.418766240000000067e+00 7.418302279999999804e+00 7.417798760000000158e+00 7.417210439999999849e+00 7.416376839999999859e+00 7.415493719999999733e+00 7.414337200000000294e+00 7.412870759999999670e+00 7.411031760000000190e+00 7.408671840000000230e+00 7.405627960000000343e+00 7.400196959999999713e+00 7.394295239999999936e+00 7.385355360000000147e+00 7.372138320000000355e+00 7.349545560000000144e+00 7.310589519999999730e+00 7.232110839999999818e+00 7.040051440000000049e+00 6.315897119999999809e+00 3.126824119999999851e+01 6.315948559999999823e+00 7.040081920000000437e+00 7.232132520000000397e+00 7.310606360000000414e+00 7.349559320000000007e+00 7.372150040000000182e+00 7.385365639999999843e+00 7.394304439999999978e+00 7.400205399999999933e+00 7.405635760000000012e+00 7.408679160000000152e+00 7.411038800000000037e+00 7.412877560000000088e+00 7.414343879999999665e+00 7.415500399999999992e+00 7.416383559999999875e+00 7.417217319999999781e+00 7.417805959999999921e+00 7.418309960000000203e+00 7.418774240000000297e+00 7.419106519999999705e+00 7.419378199999999701e+00 7.419605759999999606e+00 7.419775839999999789e+00 7.419910520000000176e+00 7.419997839999999734e+00 7.420066720000000338e+00 7.420104839999999591e+00 7.420132559999999877e+00 7.420131320000000308e+00 7.420108800000000393e+00 7.420050520000000205e+00 7.419993159999999754e+00 7.419927959999999878e+00 7.419905199999999645e+00
7.419983239999999647e+00 7.419980040000000443e+00 7.420014959999999604e+00 7.420052799999999671e+00 7.420034079999999754e+00 7.419881919999999909e+00 7.417497919999999745e+00 7.419797840000000200e+00 7.419885840000000066e+00 7.419839600000000424e+00 7.419720960000000254e+00 7.419558639999999983e+00 7.419335280000000310e+00 7.419066240000000256e+00 7.418735640000000409e+00 7.418272479999999724e+00 7.417768839999999919e+00 7.417180720000000171e+00 7.416347280000000097e+00 7.415464280000000130e+00 7.414307840000000205e+00 7.412841399999999581e+00 7.411002520000000260e+00 7.408642519999999898e+00 7.405598720000000412e+00 7.400167760000000428e+00 7.394265919999999603e+00 7.385326000000000057e+00 7.372108840000000107e+00 7.349515839999999578e+00 7.310559480000000221e+00 7.232079999999999842e+00 7.040018960000000270e+00 6.315858239999999846e+00 3.126841680000000068e+01 6.315909320000000271e+00 7.040049559999999929e+00 7.232101840000000337e+00 7.310576479999999933e+00 7.349529800000000002e+00 7.372120719999999849e+00 7.385336480000000314e+00 7.394275359999999964e+00 7.400176359999999676e+00 7.405606760000000399e+00 7.408650200000000297e+00 7.411009879999999939e+00 7.412848639999999989e+00 7.414315000000000211e+00 7.415471479999999893e+00 7.416354680000000421e+00 7.417188440000000327e+00 7.417777079999999579e+00 7.418281119999999618e+00 7.418745399999999712e+00 7.419077640000000251e+00 7.419349320000000247e+00 7.419576880000000152e+00 7.419747000000000092e+00 7.419881639999999834e+00 7.419969000000000037e+00 7.420037879999999753e+00 7.420075960000000137e+00 7.420103680000000423e+00 7.420102400000000209e+00 7.420079880000000294e+00 7.420021560000000349e+00 7.419964199999999899e+00 7.419899000000000022e+00 7.419876160000000276e+00
7.419946359999999963e+00 7.419944400000000329e+00 7.419982280000000152e+00 7.420027280000000225e+00 7.420031279999999896e+00 7.419989759999999990e+00 7.419797840000000200e+00 7.417226000000000319e+00 7.419671239999999557e+00 7.419752960000000286e+00 7.419662520000000150e+00 7.419509760000000398e+00 7.419290679999999583e+00 7.419023519999999650e+00 7.418694160000000259e+00 7.418231679999999884e+00 7.417728880000000302e+00 7.417140640000000396e+00 7.416307439999999751e+00 7.415424599999999700e+00 7.414268240000000176e+00 7.412801919999999711e+00 7.410963080000000147e+00 7.408603199999999944e+00 7.405559320000000056e+00 7.400128360000000072e+00 7.394226599999999650e+00 7.385286520000000188e+00 7.372069279999999836e+00 7.349476120000000279e+00 7.310519399999999557e+00 7.232039280000000403e+00 7.039976399999999579e+00 6.315809759999999606e+00 3.126857628000000133e+01 6.315862359999999676e+00 7.040007880000000107e+00 7.232061560000000000e+00 7.310536719999999988e+00 7.349490399999999646e+00 7.372081520000000054e+00 7.385297320000000276e+00 7.394236280000000328e+00 7.400137319999999796e+00 7.405567800000000034e+00 7.408611279999999688e+00 7.410970919999999573e+00 7.412809720000000269e+00 7.414276079999999602e+00 7.415432599999999930e+00 7.416315799999999570e+00 7.417149560000000363e+00 7.417738199999999615e+00 7.418242239999999654e+00 7.418706519999999749e+00 7.419038760000000288e+00 7.419310440000000284e+00 7.419538000000000189e+00 7.419708120000000129e+00 7.419842759999999871e+00 7.419930120000000073e+00 7.419998999999999789e+00 7.420037080000000174e+00 7.420064799999999572e+00 7.420063520000000246e+00 7.420040959999999686e+00 7.419982639999999741e+00 7.419925280000000178e+00 7.419859999999999900e+00 7.419837160000000154e+00
7.419878200000000312e+00 7.419877040000000257e+00 7.419916279999999809e+00 7.419964399999999571e+00 7.419976079999999641e+00 7.419958920000000013e+00 7.419885840000000066e+00 7.419671239999999557e+00 7.416870000000000296e+00 7.419493560000000265e+00 7.419541320000000439e+00 7.419419079999999944e+00 7.419210320000000358e+00 7.418947799999999759e+00 7.418620480000000406e+00 7.418159359999999758e+00 7.417657280000000242e+00 7.417069960000000073e+00 7.416236640000000158e+00 7.415353999999999779e+00 7.414197839999999928e+00 7.412731639999999622e+00 7.410892879999999572e+00 7.408533079999999771e+00 7.405489320000000042e+00 7.400058279999999655e+00 7.394156520000000121e+00 7.385216520000000173e+00 7.371999119999999905e+00 7.349405840000000190e+00 7.310448919999999795e+00 7.231968199999999847e+00 7.039904159999999855e+00 6.315732399999999913e+00 3.126864520000000169e+01 6.315787000000000262e+00 7.039936680000000280e+00 7.231991240000000154e+00 7.310466759999999731e+00 7.349420560000000435e+00 7.372011800000000115e+00 7.385227679999999850e+00 7.394166720000000304e+00 7.400067759999999772e+00 7.405498240000000010e+00 7.408541719999999664e+00 7.410901439999999951e+00 7.412740200000000002e+00 7.414206599999999980e+00 7.415363120000000308e+00 7.416246319999999947e+00 7.417080079999999853e+00 7.417668719999999993e+00 7.418172760000000032e+00 7.418637040000000127e+00 7.418969320000000423e+00 7.419241000000000419e+00 7.419468560000000323e+00 7.419638639999999619e+00 7.419773320000000005e+00 7.419860639999999563e+00 7.419929520000000167e+00 7.419967599999999663e+00 7.419995319999999950e+00 7.419994039999999735e+00 7.419971480000000064e+00 7.419913120000000362e+00 7.419855720000000154e+00 7.419790479999999633e+00 7.419767600000000130e+00
7.419791440000000016e+00 7.419790719999999951e+00 7.419830799999999726e+00 7.419880359999999619e+00 7.419895440000000342e+00 7.419886479999999729e+00 7.419839600000000424e+00 7.419752960000000286e+00 7.419493560000000265e+00 7.416450919999999947e+00 7.419247720000000434e+00 7.419275120000000001e+00 7.419099440000000101e+00 7.418848159999999581e+00 7.418525879999999795e+00 7.418066999999999744e+00 7.417566400000000115e+00 7.416979839999999768e+00 7.416147559999999750e+00 7.415264800000000101e+00 7.414108879999999679e+00 7.412642879999999934e+00 7.410804279999999800e+00 7.408444519999999756e+00 7.405400799999999784e+00 7.399969959999999958e+00 7.394068120000000022e+00 7.385128120000000074e+00 7.371910800000000208e+00 7.349317280000000174e+00 7.310360160000000107e+00 7.231879160000000084e+00 7.039814119999999953e+00 6.315639319999999834e+00 3.126867539999999934e+01 6.315695039999999594e+00 7.039847639999999629e+00 7.231903039999999727e+00 7.310378759999999865e+00 7.349332679999999840e+00 7.371923920000000408e+00 7.385139879999999657e+00 7.394078920000000110e+00 7.399980000000000224e+00 7.405410520000000218e+00 7.408453999999999873e+00 7.410813680000000403e+00 7.412652480000000210e+00 7.414118880000000189e+00 7.415275399999999628e+00 7.416158600000000156e+00 7.416992360000000062e+00 7.417581000000000202e+00 7.418085040000000241e+00 7.418549320000000336e+00 7.418881599999999743e+00 7.419153279999999739e+00 7.419380839999999644e+00 7.419550919999999827e+00 7.419685600000000214e+00 7.419772919999999772e+00 7.419841800000000376e+00 7.419879879999999872e+00 7.419907600000000159e+00 7.419906319999999944e+00 7.419883760000000272e+00 7.419825399999999682e+00 7.419768000000000363e+00 7.419702680000000328e+00 7.419679799999999936e+00
7.419656840000000031e+00 7.419656680000000115e+00 7.419697199999999881e+00 7.419747680000000400e+00 7.419764279999999879e+00 7.419758999999999993e+00 7.419720960000000254e+00 7.419662520000000150e+00 7.419541320000000439e+00 7.419247720000000434e+00 7.415906159999999581e+00 7.418916160000000204e+00 7.418903079999999761e+00 7.418687799999999832e+00 7.418377760000000265e+00 7.417924359999999773e+00 7.417426200000000414e+00 7.416841279999999870e+00 7.416009840000000075e+00 7.415128239999999593e+00 7.413972160000000144e+00 7.412506439999999586e+00 7.410668040000000012e+00 7.408308439999999884e+00 7.405264840000000071e+00 7.399834000000000245e+00 7.393932399999999738e+00 7.384992320000000277e+00 7.371775040000000168e+00 7.349181640000000293e+00 7.310224279999999908e+00 7.231743119999999969e+00 7.039677880000000165e+00 6.315501880000000234e+00 3.126856151999999867e+01 6.315559079999999881e+00 7.039712719999999813e+00 7.231768080000000154e+00 7.310243879999999805e+00 7.349197720000000267e+00 7.371788959999999946e+00 7.385004880000000327e+00 7.393943919999999892e+00 7.399845000000000006e+00 7.405275480000000243e+00 7.408318959999999898e+00 7.410678680000000185e+00 7.412517440000000235e+00 7.413983840000000214e+00 7.415140359999999653e+00 7.416023560000000181e+00 7.416857320000000087e+00 7.417445999999999984e+00 7.417950000000000266e+00 7.418414280000000360e+00 7.418746559999999768e+00 7.419018239999999764e+00 7.419245799999999669e+00 7.419415919999999609e+00 7.419550560000000239e+00 7.419637920000000442e+00 7.419706760000000401e+00 7.419744839999999897e+00 7.419772560000000183e+00 7.419771279999999969e+00 7.419748720000000297e+00 7.419690359999999707e+00 7.419632919999999743e+00 7.419567640000000353e+00 7.419544720000000204e+00
7.419486960000000408e+00 7.419486759999999848e+00 7.419527839999999763e+00 7.419578839999999786e+00 7.419596399999999647e+00 7.419592759999999565e+00 7.419558639999999983e+00 7.419509760000000398e+00 7.419419079999999944e+00 7.419275120000000001e+00 7.418916160000000204e+00 7.415254000000000012e+00 7.418488159999999887e+00 7.418450240000000306e+00 7.418179559999999562e+00 7.417739519999999587e+00 7.417247399999999935e+00 7.416665159999999979e+00 7.415835480000000146e+00 7.414954800000000290e+00 7.413800039999999925e+00 7.412334079999999936e+00 7.410496000000000194e+00 7.408136680000000140e+00 7.405093240000000243e+00 7.399662560000000333e+00 7.393760959999999827e+00 7.384821119999999794e+00 7.371603720000000415e+00 7.349010479999999568e+00 7.310053360000000389e+00 7.231571960000000132e+00 7.039506760000000085e+00 6.315331959999999967e+00 3.126835563999999934e+01 6.315391680000000285e+00 7.039543359999999694e+00 7.231598400000000204e+00 7.310073919999999781e+00 7.349027640000000083e+00 7.371618800000000249e+00 7.384834599999999583e+00 7.393773600000000279e+00 7.399674680000000393e+00 7.405105119999999985e+00 7.408148599999999639e+00 7.410508280000000170e+00 7.412347040000000220e+00 7.413813440000000199e+00 7.414969959999999638e+00 7.415853160000000166e+00 7.416686920000000072e+00 7.417275560000000212e+00 7.417779600000000251e+00 7.418243880000000345e+00 7.418576159999999753e+00 7.418847839999999749e+00 7.419075399999999654e+00 7.419245479999999837e+00 7.419380160000000224e+00 7.419467479999999782e+00 7.419536360000000386e+00 7.419574439999999882e+00 7.419602160000000168e+00 7.419600879999999954e+00 7.419578279999999637e+00 7.419519919999999935e+00 7.419462519999999728e+00 7.419397199999999692e+00 7.419374280000000432e+00
7.419259560000000420e+00 7.419259480000000018e+00 7.419300520000000176e+00 7.419352120000000106e+00 7.419370200000000359e+00 7.419367639999999930e+00 7.419335280000000310e+00 7.419290679999999583e+00 7.419210320000000358e+00 7.419099440000000101e+00 7.418903079999999761e+00 7.418488159999999887e+00 7.414443720000000404e+00 7.417954439999999927e+00 7.417877879999999813e+00 7.417481000000000435e+00 7.417003600000000141e+00 7.416427999999999798e+00 7.415601279999999740e+00 7.414722600000000163e+00 7.413568839999999938e+00 7.412104320000000079e+00 7.410266000000000020e+00 7.407907040000000443e+00 7.404863879999999732e+00 7.399433400000000383e+00 7.393531959999999792e+00 7.384592200000000162e+00 7.371375160000000371e+00 7.348781759999999608e+00 7.309824960000000260e+00 7.231344240000000312e+00 7.039279279999999694e+00 6.315107239999999678e+00 3.126798271999999912e+01 6.315171760000000134e+00 7.039318599999999648e+00 7.231372079999999869e+00 7.309847040000000185e+00 7.348800480000000412e+00 7.371391440000000017e+00 7.384607120000000080e+00 7.393545999999999729e+00 7.399447000000000330e+00 7.404877439999999922e+00 7.407920879999999819e+00 7.410280560000000349e+00 7.412119279999999755e+00 7.413585679999999734e+00 7.414742160000000304e+00 7.415625359999999944e+00 7.416459119999999849e+00 7.417047759999999990e+00 7.417551800000000028e+00 7.418016080000000123e+00 7.418348360000000419e+00 7.418620040000000415e+00 7.418847600000000320e+00 7.419017679999999615e+00 7.419152360000000002e+00 7.419239679999999559e+00 7.419308560000000163e+00 7.419346639999999660e+00 7.419374359999999946e+00 7.419373039999999975e+00 7.419350480000000303e+00 7.419292119999999713e+00 7.419234679999999749e+00 7.419169400000000358e+00 7.419146480000000210e+00
7.418987959999999937e+00 7.418987999999999694e+00 7.419029199999999769e+00 7.419080720000000184e+00 7.419099479999999858e+00 7.419097439999999821e+00 7.419066240000000256e+00 7.419023519999999650e+00 7.418947799999999759e+00 7.418848159999999581e+00 7.418687799999999832e+00 7.418450240000000306e+00 7.417954439999999927e+00 7.413493400000000122e+00 7.417310920000000252e+00 7.417127520000000196e+00 7.416697680000000403e+00 7.416138319999999950e+00 7.415318919999999814e+00 7.414443519999999843e+00 7.413291959999999570e+00 7.411828599999999767e+00 7.409991920000000398e+00 7.407632640000000102e+00 7.404589879999999624e+00 7.399159720000000107e+00 7.393258519999999834e+00 7.384318959999999876e+00 7.371102040000000244e+00 7.348509159999999873e+00 7.309552199999999722e+00 7.231072120000000325e+00 7.039009079999999585e+00 6.314840079999999745e+00 3.126750383999999983e+01 6.314913680000000085e+00 7.039051399999999958e+00 7.231102599999999825e+00 7.309576520000000244e+00 7.348529479999999836e+00 7.371120160000000254e+00 7.384335720000000158e+00 7.393274439999999892e+00 7.399175360000000090e+00 7.404605720000000169e+00 7.407649120000000309e+00 7.410008760000000194e+00 7.411847479999999599e+00 7.413313800000000064e+00 7.414470320000000392e+00 7.415353480000000275e+00 7.416187240000000180e+00 7.416775880000000321e+00 7.417279920000000359e+00 7.417744199999999566e+00 7.418076440000000105e+00 7.418348120000000101e+00 7.418575680000000006e+00 7.418745760000000189e+00 7.418880439999999687e+00 7.418967799999999890e+00 7.419036639999999849e+00 7.419074759999999991e+00 7.419102439999999632e+00 7.419101160000000306e+00 7.419078599999999746e+00 7.419020240000000044e+00 7.418962800000000080e+00 7.418897480000000044e+00 7.418874559999999896e+00
7.418655760000000043e+00 7.418655880000000202e+00 7.418697159999999791e+00 7.418748840000000122e+00 7.418767520000000282e+00 7.418766240000000067e+00 7.418735640000000409e+00 7.418694160000000259e+00 7.418620480000000406e+00 7.418525879999999795e+00 7.418377760000000265e+00 7.418179519999999805e+00 7.417877879999999813e+00 7.417310920000000252e+00 7.412359600000000270e+00 7.416468720000000125e+00 7.416274640000000140e+00 7.415767920000000402e+00 7.414966559999999873e+00 7.414099320000000048e+00 7.412951399999999857e+00 7.411490520000000082e+00 7.409655080000000282e+00 7.407297680000000106e+00 7.404254560000000041e+00 7.398824880000000270e+00 7.392924080000000231e+00 7.383984840000000105e+00 7.370768159999999902e+00 7.348175480000000093e+00 7.309219480000000324e+00 7.230739520000000198e+00 7.038678680000000298e+00 6.314519680000000079e+00 3.126686824000000087e+01 6.314599480000000042e+00 7.038725600000000249e+00 7.230773400000000350e+00 7.309246039999999667e+00 7.348198280000000082e+00 7.370788560000000267e+00 7.384003879999999853e+00 7.392942480000000316e+00 7.398843280000000355e+00 7.404273520000000275e+00 7.407316840000000013e+00 7.409676440000000142e+00 7.411515119999999790e+00 7.412981440000000255e+00 7.414137919999999937e+00 7.415021079999999820e+00 7.415854839999999726e+00 7.416443440000000109e+00 7.416947480000000148e+00 7.417411760000000243e+00 7.417743999999999893e+00 7.418015679999999890e+00 7.418243239999999794e+00 7.418413319999999977e+00 7.418548000000000364e+00 7.418635319999999922e+00 7.418704199999999638e+00 7.418742280000000022e+00 7.418770000000000309e+00 7.418768720000000094e+00 7.418746160000000422e+00 7.418687799999999832e+00 7.418630359999999868e+00 7.418565039999999833e+00 7.418542119999999684e+00
7.418191479999999949e+00 7.418191639999999865e+00 7.418233039999999612e+00 7.418284840000000102e+00 7.418303680000000178e+00 7.418302279999999804e+00 7.418272479999999724e+00 7.418231679999999884e+00 7.418159320000000001e+00 7.418066959999999987e+00 7.417924359999999773e+00 7.417739519999999587e+00 7.417481000000000435e+00 7.417127520000000196e+00 7.416468720000000125e+00 7.410885959999999884e+00 7.415447200000000016e+00 7.415202360000000326e+00 7.414459599999999817e+00 7.413612439999999637e+00 7.412473639999999975e+00 7.411016880000000029e+00 7.409184240000000088e+00 7.406828280000000042e+00 7.403787359999999929e+00 7.398357240000000168e+00 7.392457000000000278e+00 7.383518239999999899e+00 7.370302040000000332e+00 7.347709880000000027e+00 7.308754440000000407e+00 7.230276680000000233e+00 7.038217839999999725e+00 6.314072040000000108e+00 3.126582072000000068e+01 6.314164120000000047e+00 7.038271520000000336e+00 7.230314240000000225e+00 7.308784639999999833e+00 7.347735799999999706e+00 7.370325440000000228e+00 7.383540400000000226e+00 7.392478719999999726e+00 7.398379359999999849e+00 7.403809439999999853e+00 7.406852680000000078e+00 7.409212199999999804e+00 7.411050839999999695e+00 7.412517120000000403e+00 7.413673560000000329e+00 7.414556720000000212e+00 7.415390399999999715e+00 7.415979039999999856e+00 7.416483040000000138e+00 7.416947279999999587e+00 7.417279559999999883e+00 7.417551239999999879e+00 7.417778760000000027e+00 7.417948879999999967e+00 7.418083519999999709e+00 7.418170879999999912e+00 7.418239759999999627e+00 7.418277840000000012e+00 7.418305560000000298e+00 7.418304280000000084e+00 7.418281720000000412e+00 7.418223359999999822e+00 7.418165959999999615e+00 7.418100639999999579e+00 7.418077720000000319e+00
7.417687439999999910e+00 7.417687639999999583e+00 7.417729119999999732e+00 7.417780999999999736e+00 7.417799959999999970e+00 7.417798760000000158e+00 7.417768839999999919e+00 7.417728880000000302e+00 7.417657280000000242e+00 7.417566400000000115e+00 7.417426200000000414e+00 7.417247399999999935e+00 7.417003600000000141e+00 7.416697680000000403e+00 7.416274640000000140e+00 7.415447200000000016e+00 7.409239839999999688e+00 7.414292080000000063e+00 7.413841800000000148e+00 7.413060240000000078e+00 7.411944039999999845e+00 7.410497559999999595e+00 7.408669520000000119e+00 7.406316720000000409e+00 7.403277440000000098e+00 7.397849960000000280e+00 7.391949119999999596e+00 7.383011040000000413e+00 7.369795479999999621e+00 7.347204040000000269e+00 7.308249400000000229e+00 7.229772920000000269e+00 7.037719479999999805e+00 6.313585040000000426e+00 3.126473856000000140e+01 6.313695599999999963e+00 7.037779119999999722e+00 7.229816040000000221e+00 7.308284040000000203e+00 7.347233919999999863e+00 7.369822840000000319e+00 7.383037319999999681e+00 7.391975399999999752e+00 7.397875799999999558e+00 7.403305719999999646e+00 7.406348880000000356e+00 7.408708279999999924e+00 7.410546880000000058e+00 7.412013120000000121e+00 7.413169520000000290e+00 7.414052640000000416e+00 7.414886319999999920e+00 7.415474920000000303e+00 7.415978879999999940e+00 7.416443160000000034e+00 7.416775399999999685e+00 7.417047079999999681e+00 7.417274599999999829e+00 7.417444719999999769e+00 7.417579360000000399e+00 7.417666719999999714e+00 7.417735600000000318e+00 7.417773679999999814e+00 7.417801400000000100e+00 7.417800119999999886e+00 7.417777560000000214e+00 7.417719240000000269e+00 7.417661840000000062e+00 7.417596520000000027e+00 7.417573599999999878e+00
7.417098720000000256e+00 7.417099000000000331e+00 7.417140479999999592e+00 7.417192439999999998e+00 7.417211479999999746e+00 7.417210439999999849e+00 7.417180720000000171e+00 7.417140640000000396e+00 7.417069960000000073e+00 7.416979839999999768e+00 7.416841279999999870e+00 7.416665159999999979e+00 7.416427999999999798e+00 7.416138319999999950e+00 7.415767920000000402e+00 7.415202360000000326e+00 7.414292080000000063e+00 7.407308959999999942e+00 7.412795639999999686e+00 7.412342879999999745e+00 7.411300640000000328e+00 7.409879680000000413e+00 7.408063320000000118e+00 7.405715759999999648e+00 7.402680079999999663e+00 7.397254519999999722e+00 7.391356759999999859e+00 7.382417959999999724e+00 7.369203240000000044e+00 7.346612679999999784e+00 7.307659239999999556e+00 7.229184519999999559e+00 7.037134840000000224e+00 6.313021879999999975e+00 3.126347648000000135e+01 6.313148879999999963e+00 7.037206320000000126e+00 7.229234800000000405e+00 7.307699679999999809e+00 7.346648039999999824e+00 7.369235999999999898e+00 7.382449959999999756e+00 7.391387599999999836e+00 7.397287799999999969e+00 7.402717520000000384e+00 7.405760520000000291e+00 7.408119840000000345e+00 7.409958320000000320e+00 7.411424479999999981e+00 7.412580880000000150e+00 7.413463959999999631e+00 7.414297600000000266e+00 7.414886160000000004e+00 7.415390160000000286e+00 7.415854399999999735e+00 7.416186599999999629e+00 7.416458279999999625e+00 7.416685840000000418e+00 7.416855919999999713e+00 7.416990600000000100e+00 7.417077919999999658e+00 7.417146800000000262e+00 7.417184920000000403e+00 7.417212639999999801e+00 7.417211359999999587e+00 7.417188799999999915e+00 7.417130479999999970e+00 7.417073079999999763e+00 7.417007800000000373e+00 7.416984880000000224e+00
7.416264919999999705e+00 7.416265160000000023e+00 7.416306719999999686e+00 7.416358680000000092e+00 7.416377800000000242e+00 7.416376839999999859e+00 7.416347280000000097e+00 7.416307439999999751e+00 7.416236640000000158e+00 7.416147559999999750e+00 7.416009840000000075e+00 7.415835480000000146e+00 7.415601279999999740e+00 7.415318919999999814e+00 7.414966559999999873e+00 7.414459599999999817e+00 7.413841800000000148e+00 7.412795639999999686e+00 7.404742800000000180e+00 7.410990080000000368e+00 7.410320079999999976e+00 7.408983160000000012e+00 7.407195920000000378e+00 7.404861720000000425e+00 7.401832080000000147e+00 7.396410799999999952e+00 7.390515320000000443e+00 7.381580439999999577e+00 7.368364839999999916e+00 7.345775719999999787e+00 7.306824080000000166e+00 7.228352639999999774e+00 7.036310040000000043e+00 6.312223320000000193e+00 3.126145823999999962e+01 6.312373280000000086e+00 7.036393640000000005e+00 7.228412160000000419e+00 7.306872160000000171e+00 7.345818239999999832e+00 7.368404919999999692e+00 7.381618040000000214e+00 7.390555199999999658e+00 7.396454999999999558e+00 7.401884400000000142e+00 7.404927240000000133e+00 7.407286440000000027e+00 7.409124799999999844e+00 7.410590879999999991e+00 7.411747160000000001e+00 7.412630199999999725e+00 7.413463840000000360e+00 7.414052360000000341e+00 7.414556319999999978e+00 7.415020519999999671e+00 7.415352760000000210e+00 7.415624399999999561e+00 7.415851919999999708e+00 7.416022039999999649e+00 7.416156680000000279e+00 7.416244039999999593e+00 7.416312920000000197e+00 7.416351040000000339e+00 7.416378759999999737e+00 7.416377520000000167e+00 7.416354959999999608e+00 7.416296639999999663e+00 7.416239280000000100e+00 7.416173999999999822e+00 7.416151120000000319e+00
7.415381599999999906e+00 7.415381879999999981e+00 7.415423399999999887e+00 7.415475479999999564e+00 7.415494640000000359e+00 7.415493719999999733e+00 7.415464280000000130e+00 7.415424599999999700e+00 7.415353999999999779e+00 7.415264800000000101e+00 7.415128239999999593e+00 7.414954840000000047e+00 7.414722600000000163e+00 7.414443519999999843e+00 7.414099320000000048e+00 7.413612439999999637e+00 7.413060240000000078e+00 7.412342879999999745e+00 7.410990080000000368e+00 7.401892840000000362e+00 7.408843000000000067e+00 7.407930959999999843e+00 7.406240000000000379e+00 7.403939280000000345e+00 7.400925120000000135e+00 7.395510840000000030e+00 7.389620279999999930e+00 7.380688079999999651e+00 7.367477479999999801e+00 7.344887240000000261e+00 7.305937720000000191e+00 7.227469720000000208e+00 7.035435399999999895e+00 6.311379360000000105e+00 3.125948508000000103e+01 6.311557399999999873e+00 7.035533199999999709e+00 7.227540639999999961e+00 7.305996160000000295e+00 7.344939479999999854e+00 7.367524719999999583e+00 7.380736999999999881e+00 7.389673519999999662e+00 7.395572920000000217e+00 7.401002000000000081e+00 7.404044640000000399e+00 7.406403639999999733e+00 7.408241920000000036e+00 7.409707880000000024e+00 7.410864079999999632e+00 7.411747079999999599e+00 7.412580639999999832e+00 7.413169159999999813e+00 7.413673039999999936e+00 7.414137239999999629e+00 7.414469440000000411e+00 7.414741079999999762e+00 7.414968639999999667e+00 7.415138719999999850e+00 7.415273359999999592e+00 7.415360719999999795e+00 7.415429640000000155e+00 7.415467719999999652e+00 7.415495479999999695e+00 7.415494200000000369e+00 7.415471720000000211e+00 7.415413400000000266e+00 7.415356039999999815e+00 7.415290760000000425e+00 7.415267919999999791e+00
7.414224919999999663e+00 7.414225240000000383e+00 7.414266800000000046e+00 7.414318839999999966e+00 7.414338080000000275e+00 7.414337200000000294e+00 7.414307840000000205e+00 7.414268240000000176e+00 7.414197839999999928e+00 7.414108879999999679e+00 7.413972160000000144e+00 7.413800039999999925e+00 7.413568839999999938e+00 7.413291959999999570e+00 7.412951399999999857e+00 7.412473639999999975e+00 7.411944039999999845e+00 7.411300640000000328e+00 7.410320079999999976e+00 7.408843000000000067e+00 7.398256960000000326e+00 7.406088320000000280e+00 7.404886920000000039e+00 7.402697640000000412e+00 7.399722360000000165e+00 7.394326279999999585e+00 7.388443920000000276e+00 7.379517719999999947e+00 7.366310440000000348e+00 7.343727160000000254e+00 7.304776559999999641e+00 7.226313280000000283e+00 7.034289479999999983e+00 6.310274920000000343e+00 3.125676916000000105e+01 6.310484399999999994e+00 7.034409319999999965e+00 7.226399879999999776e+00 7.304848960000000169e+00 7.343789160000000038e+00 7.366372239999999572e+00 7.379583359999999814e+00 7.388519080000000017e+00 7.394417960000000178e+00 7.399846560000000295e+00 7.402888879999999894e+00 7.405247720000000200e+00 7.407085839999999699e+00 7.408551680000000417e+00 7.409707799999999622e+00 7.410590680000000319e+00 7.411424160000000150e+00 7.412012640000000374e+00 7.412516519999999609e+00 7.412980680000000433e+00 7.413312839999999682e+00 7.413584479999999921e+00 7.413812000000000069e+00 7.413982080000000252e+00 7.414116759999999751e+00 7.414204119999999953e+00 7.414272999999999669e+00 7.414311119999999811e+00 7.414338879999999854e+00 7.414337640000000285e+00 7.414315120000000370e+00 7.414256840000000182e+00 7.414199479999999731e+00 7.414134279999999855e+00 7.414111400000000351e+00
7.412758359999999769e+00 7.412758679999999600e+00 7.412800240000000151e+00 7.412852319999999828e+00 7.412871520000000380e+00 7.412870759999999670e+00 7.412841399999999581e+00 7.412801919999999711e+00 7.412731639999999622e+00 7.412642879999999934e+00 7.412506439999999586e+00 7.412334079999999936e+00 7.412104320000000079e+00 7.411828599999999767e+00 7.411490520000000082e+00 7.411016880000000029e+00 7.410497559999999595e+00 7.409879639999999767e+00 7.408983160000000012e+00 7.407930920000000086e+00 7.406088320000000280e+00 7.393686240000000076e+00 7.402619040000000261e+00 7.400999839999999885e+00 7.398154960000000280e+00 7.392804759999999753e+00 7.386943959999999976e+00 7.378027559999999596e+00 7.364827759999999834e+00 7.342248999999999803e+00 7.303308999999999607e+00 7.224845840000000408e+00 7.032835640000000055e+00 6.308873039999999932e+00 3.125326195999999968e+01 6.309130439999999673e+00 7.032982640000000174e+00 7.224954720000000385e+00 7.303394639999999605e+00 7.342330640000000130e+00 7.364911280000000282e+00 7.378120720000000077e+00 7.387055440000000139e+00 7.392953639999999993e+00 7.398381599999999558e+00 7.401423600000000214e+00 7.403782119999999800e+00 7.405620039999999626e+00 7.407085720000000428e+00 7.408241720000000363e+00 7.409124480000000013e+00 7.409957920000000087e+00 7.410546319999999909e+00 7.411050119999999630e+00 7.411514239999999809e+00 7.411846399999999946e+00 7.412118000000000428e+00 7.412345519999999688e+00 7.412515599999999871e+00 7.412650280000000258e+00 7.412737639999999573e+00 7.412806520000000177e+00 7.412844680000000075e+00 7.412872400000000361e+00 7.412871199999999661e+00 7.412848720000000391e+00 7.412790440000000203e+00 7.412733160000000154e+00 7.412667919999999633e+00 7.412645119999999643e+00
