-1.228156360000000058e+00 -1.226718320000000029e+00 -1.226703920000000059e+00 -1.226765600000000012e+00 -1.226845799999999986e+00 -1.226934919999999929e+00 -1.227031559999999910e+00 -1.227136199999999899e+00 -1.227249800000000057e+00 -1.227373559999999975e+00 -1.227509359999999994e+00 -1.227658480000000107e+00 -1.227823920000000069e+00 -1.228009080000000086e+00 -1.228217839999999894e+00 -1.228454319999999989e+00 -1.228726320000000038e+00 -1.229044919999999985e+00 -1.229416719999999907e+00 -1.229859599999999942e+00 -1.230395920000000087e+00 -1.231048920000000102e+00 -1.231858839999999899e+00 -1.232881319999999947e+00 -1.234196400000000082e+00 -1.235902760000000100e+00 -1.238236920000000074e+00 -1.241573480000000007e+00 -1.246506440000000104e+00 -1.254210400000000059e+00 -1.267316920000000069e+00 -1.291833519999999957e+00 -1.345494519999999916e+00 -1.496026480000000047e+00 -2.192709119999999956e+00 -2.192659200000000030e+00 -1.495990600000000059e+00 -1.345469119999999963e+00 -1.291814000000000018e+00 -1.267301199999999906e+00 -1.254197199999999901e+00 -1.246494999999999909e+00 -1.241563280000000047e+00 -1.238227680000000053e+00 -1.235894199999999943e+00 -1.234188400000000074e+00 -1.232873719999999951e+00 -1.231851559999999957e+00 -1.231041920000000012e+00 -1.230389079999999913e+00 -1.229852919999999905e+00 -1.229410080000000072e+00 -1.229038319999999906e+00 -1.228719679999999981e+00 -1.228447599999999973e+00 -1.228210959999999963e+00 -1.228001960000000059e+00 -1.227816479999999988e+00 -1.227650640000000015e+00 -1.227500959999999974e+00 -1.227364679999999986e+00 -1.227239919999999929e+00 -1.227124920000000063e+00 -1.227018240000000038e+00 -1.226918479999999922e+00 -1.226823800000000020e+00 -1.226732560000000083e+00 -1.226643399999999939e+00 -1.226554039999999901e+00 -1.226451359999999990e+00
-1.226718320000000029e+00 -1.228464720000000066e+00 -1.226918519999999901e+00 -1.226897439999999895e+00 -1.226959480000000102e+00 -1.227042479999999935e+00 -1.227136400000000016e+00 -1.227239799999999992e+00 -1.227352640000000106e+00 -1.227476000000000012e+00 -1.227611280000000082e+00 -1.227760439999999953e+00 -1.227925719999999998e+00 -1.228110800000000058e+00 -1.228319479999999908e+00 -1.228555920000000024e+00 -1.228827839999999894e+00 -1.229146400000000083e+00 -1.229518160000000027e+00 -1.229961040000000061e+00 -1.230497320000000006e+00 -1.231150320000000020e+00 -1.231960240000000040e+00 -1.232982720000000088e+00 -1.234297800000000001e+00 -1.236004160000000018e+00 -1.238338359999999971e+00 -1.241674919999999904e+00 -1.246607919999999980e+00 -1.254311919999999914e+00 -1.267418600000000062e+00 -1.291935440000000046e+00 -1.345597280000000007e+00 -1.496130839999999962e+00 -2.192823039999999946e+00 -2.192773680000000169e+00 -1.496095680000000039e+00 -1.345572200000000107e+00 -1.291916319999999896e+00 -1.267403159999999973e+00 -1.254299000000000053e+00 -1.246596639999999923e+00 -1.241664840000000103e+00 -1.238329199999999908e+00 -1.235995680000000041e+00 -1.234289839999999971e+00 -1.232975160000000070e+00 -1.231953000000000076e+00 -1.231143279999999951e+00 -1.230490480000000053e+00 -1.229954280000000066e+00 -1.229511440000000011e+00 -1.229139680000000068e+00 -1.228821039999999920e+00 -1.228548959999999912e+00 -1.228312319999999902e+00 -1.228103319999999998e+00 -1.227917839999999927e+00 -1.227751999999999954e+00 -1.227602319999999914e+00 -1.227466039999999925e+00 -1.227341320000000069e+00 -1.227226359999999961e+00 -1.227119679999999935e+00 -1.227019960000000021e+00 -1.226925360000000076e+00 -1.226834200000000097e+00 -1.226745159999999890e+00 -1.226656079999999926e+00 -1.226554039999999901e+00
-1.226703920000000059e+00 -1.226918519999999901e+00 -1.228754319999999955e+00 -1.227106159999999946e+00 -1.227080359999999981e+00 -1.227144119999999949e+00 -1.227231519999999909e+00 -1.227332080000000047e+00 -1.227443599999999968e+00 -1.227566120000000094e+00 -1.227700959999999952e+00 -1.227849600000000097e+00 -1.228014919999999899e+00 -1.228199840000000043e+00 -1.228408439999999935e+00 -1.228644759999999891e+00 -1.228916679999999984e+00 -1.229235159999999993e+00 -1.229606879999999958e+00 -1.230049759999999992e+00 -1.230585999999999958e+00 -1.231238959999999993e+00 -1.232048880000000013e+00 -1.233071360000000061e+00 -1.234386479999999953e+00 -1.236092839999999971e+00 -1.238427079999999902e+00 -1.241763680000000036e+00 -1.246696720000000091e+00 -1.254400839999999961e+00 -1.267507640000000046e+00 -1.292024840000000063e+00 -1.345687520000000026e+00 -1.496223920000000041e+00 -2.192926799999999954e+00 -2.192878240000000201e+00 -1.496188999999999991e+00 -1.345662879999999895e+00 -1.292006079999999946e+00 -1.267492480000000032e+00 -1.254388080000000016e+00 -1.246685559999999970e+00 -1.241753679999999971e+00 -1.238417960000000040e+00 -1.236084399999999972e+00 -1.234378559999999903e+00 -1.233063840000000022e+00 -1.232041640000000049e+00 -1.231231919999999924e+00 -1.230579080000000047e+00 -1.230042920000000040e+00 -1.229600040000000005e+00 -1.229228280000000062e+00 -1.228909639999999914e+00 -1.228637519999999927e+00 -1.228400879999999917e+00 -1.228191919999999993e+00 -1.228006439999999921e+00 -1.227840599999999949e+00 -1.227690960000000109e+00 -1.227554679999999898e+00 -1.227429920000000063e+00 -1.227314999999999934e+00 -1.227208360000000109e+00 -1.227108679999999952e+00 -1.227014080000000007e+00 -1.226923039999999965e+00 -1.226834079999999938e+00 -1.226745159999999890e+00 -1.226643399999999939e+00
-1.226765600000000012e+00 -1.226897439999999895e+00 -1.227106159999999946e+00 -1.229054759999999913e+00 -1.227297080000000040e+00 -1.227267279999999960e+00 -1.227334160000000063e+00 -1.227427800000000069e+00 -1.227536280000000035e+00 -1.227657400000000010e+00 -1.227791360000000109e+00 -1.227939520000000062e+00 -1.228104279999999937e+00 -1.228289240000000060e+00 -1.228497680000000036e+00 -1.228733880000000056e+00 -1.229005719999999968e+00 -1.229324159999999999e+00 -1.229695800000000006e+00 -1.230138600000000082e+00 -1.230674880000000027e+00 -1.231327800000000083e+00 -1.232137679999999902e+00 -1.233160199999999929e+00 -1.234475280000000064e+00 -1.236181680000000060e+00 -1.238515919999999992e+00 -1.241852560000000105e+00 -1.246785720000000097e+00 -1.254489879999999946e+00 -1.267596879999999926e+00 -1.292114360000000017e+00 -1.345777800000000024e+00 -1.496316479999999949e+00 -2.193032200000000209e+00 -2.192982320000000040e+00 -1.496282040000000091e+00 -1.345753600000000105e+00 -1.292095879999999974e+00 -1.267581880000000050e+00 -1.254477239999999938e+00 -1.246774599999999955e+00 -1.241842639999999998e+00 -1.238506840000000109e+00 -1.236173240000000062e+00 -1.234467360000000014e+00 -1.233152599999999932e+00 -1.232130399999999959e+00 -1.231320680000000056e+00 -1.230667839999999957e+00 -1.230131639999999971e+00 -1.229688759999999936e+00 -1.229316999999999993e+00 -1.228998360000000067e+00 -1.228726240000000081e+00 -1.228489600000000070e+00 -1.228280599999999945e+00 -1.228095120000000096e+00 -1.227929320000000102e+00 -1.227779640000000061e+00 -1.227643360000000072e+00 -1.227518679999999973e+00 -1.227403720000000087e+00 -1.227297120000000019e+00 -1.227197480000000063e+00 -1.227102920000000097e+00 -1.227011880000000055e+00 -1.226923039999999965e+00 -1.226834200000000097e+00 -1.226732560000000083e+00
-1.226845799999999986e+00 -1.226959480000000102e+00 -1.227080359999999981e+00 -1.227297080000000040e+00 -1.229371919999999951e+00 -1.227494920000000045e+00 -1.227461920000000095e+00 -1.227533640000000092e+00 -1.227634719999999957e+00 -1.227752560000000104e+00 -1.227885080000000073e+00 -1.228032280000000087e+00 -1.228196520000000014e+00 -1.228380880000000008e+00 -1.228589359999999964e+00 -1.228825400000000068e+00 -1.229097080000000064e+00 -1.229415439999999915e+00 -1.229787039999999942e+00 -1.230229800000000040e+00 -1.230765960000000048e+00 -1.231418920000000083e+00 -1.232228759999999923e+00 -1.233251239999999971e+00 -1.234566360000000085e+00 -1.236272760000000082e+00 -1.238607000000000014e+00 -1.241943720000000084e+00 -1.246876880000000076e+00 -1.254581200000000063e+00 -1.267688319999999980e+00 -1.292206119999999903e+00 -1.345870160000000038e+00 -1.496410879999999999e+00 -2.193136120000000133e+00 -2.193088640000000034e+00 -1.496376960000000089e+00 -1.345846239999999971e+00 -1.292187760000000019e+00 -1.267673400000000061e+00 -1.254568520000000076e+00 -1.246865799999999913e+00 -1.241933759999999998e+00 -1.238597879999999929e+00 -1.236264280000000104e+00 -1.234558360000000077e+00 -1.233243560000000016e+00 -1.232221360000000043e+00 -1.231411599999999940e+00 -1.230758760000000063e+00 -1.230222560000000076e+00 -1.229779680000000042e+00 -1.229407879999999897e+00 -1.229089239999999972e+00 -1.228817119999999985e+00 -1.228580479999999975e+00 -1.228371520000000050e+00 -1.228186039999999979e+00 -1.228020200000000006e+00 -1.227870559999999944e+00 -1.227734279999999956e+00 -1.227609560000000100e+00 -1.227494679999999949e+00 -1.227388039999999902e+00 -1.227288439999999925e+00 -1.227193919999999938e+00 -1.227102920000000097e+00 -1.227014080000000007e+00 -1.226925360000000076e+00 -1.226823800000000020e+00
-1.226934919999999929e+00 -1.227042479999999935e+00 -1.227144119999999949e+00 -1.227267279999999960e+00 -1.227494920000000045e+00 -1.229710239999999954e+00 -1.227702840000000073e+00 -1.227667679999999928e+00 -1.227745239999999960e+00 -1.227855200000000035e+00 -1.227984160000000102e+00 -1.228129800000000049e+00 -1.228293000000000079e+00 -1.228476799999999924e+00 -1.228684600000000016e+00 -1.228920760000000056e+00 -1.229192239999999936e+00 -1.229510480000000072e+00 -1.229881959999999941e+00 -1.230324640000000080e+00 -1.230860760000000109e+00 -1.231513639999999965e+00 -1.232323520000000006e+00 -1.233345920000000095e+00 -1.234661039999999987e+00 -1.236367439999999984e+00 -1.238701719999999895e+00 -1.242038439999999966e+00 -1.246971679999999916e+00 -1.254676080000000082e+00 -1.267783399999999894e+00 -1.292301479999999891e+00 -1.345966159999999912e+00 -1.496508359999999982e+00 -2.193242080000000094e+00 -2.193195160000000143e+00 -1.496475159999999915e+00 -1.345942240000000067e+00 -1.292283080000000028e+00 -1.267768360000000039e+00 -1.254663359999999894e+00 -1.246960520000000017e+00 -1.242028399999999921e+00 -1.238692480000000096e+00 -1.236358840000000070e+00 -1.234652880000000064e+00 -1.233338080000000003e+00 -1.232315840000000051e+00 -1.231506119999999926e+00 -1.230853240000000071e+00 -1.230317000000000105e+00 -1.229874160000000050e+00 -1.229502359999999905e+00 -1.229183719999999980e+00 -1.228911599999999993e+00 -1.228674959999999983e+00 -1.228465960000000079e+00 -1.228280480000000008e+00 -1.228114680000000014e+00 -1.227964999999999973e+00 -1.227828759999999964e+00 -1.227704040000000107e+00 -1.227589159999999957e+00 -1.227482559999999889e+00 -1.227382919999999933e+00 -1.227288439999999925e+00 -1.227197480000000063e+00 -1.227108679999999952e+00 -1.227019960000000021e+00 -1.226918479999999922e+00
-1.227031559999999910e+00 -1.227136400000000016e+00 -1.227231519999999909e+00 -1.227334160000000063e+00 -1.227461920000000095e+00 -1.227702840000000073e+00 -1.230074839999999892e+00 -1.227924440000000006e+00 -1.227887399999999962e+00 -1.227972120000000000e+00 -1.228092560000000111e+00 -1.228234400000000059e+00 -1.228395920000000086e+00 -1.228578600000000076e+00 -1.228785840000000018e+00 -1.229021240000000015e+00 -1.229292800000000074e+00 -1.229610840000000094e+00 -1.229982200000000025e+00 -1.230424760000000006e+00 -1.230960800000000077e+00 -1.231613639999999954e+00 -1.232423400000000058e+00 -1.233445839999999905e+00 -1.234760920000000040e+00 -1.236467280000000057e+00 -1.238801599999999947e+00 -1.242138320000000018e+00 -1.247071599999999947e+00 -1.254776080000000071e+00 -1.267883560000000021e+00 -1.292401960000000072e+00 -1.346067200000000019e+00 -1.496611080000000094e+00 -2.193350800000000156e+00 -2.193304760000000186e+00 -1.496577519999999994e+00 -1.346043199999999995e+00 -1.292383319999999891e+00 -1.267868360000000028e+00 -1.254763199999999967e+00 -1.247060279999999910e+00 -1.242128120000000058e+00 -1.238792160000000031e+00 -1.236458480000000026e+00 -1.234752520000000020e+00 -1.233437719999999960e+00 -1.232415440000000029e+00 -1.231605719999999904e+00 -1.230952840000000048e+00 -1.230416600000000082e+00 -1.229973720000000048e+00 -1.229601919999999904e+00 -1.229283279999999978e+00 -1.229011159999999991e+00 -1.228774519999999981e+00 -1.228565520000000078e+00 -1.228380040000000006e+00 -1.228214240000000013e+00 -1.228064599999999951e+00 -1.227928319999999962e+00 -1.227803640000000085e+00 -1.227688719999999956e+00 -1.227582120000000110e+00 -1.227482559999999889e+00 -1.227388039999999902e+00 -1.227297120000000019e+00 -1.227208360000000109e+00 -1.227119679999999935e+00 -1.227018240000000038e+00
-1.227136199999999899e+00 -1.227239799999999992e+00 -1.227332080000000047e+00 -1.227427800000000069e+00 -1.227533640000000092e+00 -1.227667679999999928e+00 -1.227924440000000006e+00 -1.230471840000000094e+00 -1.228163120000000053e+00 -1.228124599999999900e+00 -1.228217880000000095e+00 -1.228350559999999980e+00 -1.228507959999999954e+00 -1.228688840000000004e+00 -1.228894879999999912e+00 -1.229129640000000023e+00 -1.229400400000000060e+00 -1.229718520000000037e+00 -1.230089680000000074e+00 -1.230532079999999917e+00 -1.231068000000000051e+00 -1.231720759999999970e+00 -1.232530480000000095e+00 -1.233552800000000005e+00 -1.234867919999999897e+00 -1.236574239999999936e+00 -1.238908480000000090e+00 -1.242245279999999896e+00 -1.247178600000000026e+00 -1.254883119999999908e+00 -1.267990720000000016e+00 -1.292509359999999941e+00 -1.346175239999999995e+00 -1.496720440000000041e+00 -2.193466840000000140e+00 -2.193418719999999933e+00 -1.496686200000000078e+00 -1.346150720000000023e+00 -1.292490480000000108e+00 -1.267975279999999927e+00 -1.254869999999999930e+00 -1.247166999999999915e+00 -1.242234800000000083e+00 -1.238898840000000057e+00 -1.236565120000000073e+00 -1.234859160000000067e+00 -1.233544320000000027e+00 -1.232522080000000075e+00 -1.231712319999999972e+00 -1.231059439999999894e+00 -1.230523199999999928e+00 -1.230080319999999894e+00 -1.229708519999999972e+00 -1.229389880000000046e+00 -1.229117760000000059e+00 -1.228881080000000070e+00 -1.228672119999999923e+00 -1.228486640000000074e+00 -1.228320800000000101e+00 -1.228171160000000040e+00 -1.228034920000000030e+00 -1.227910199999999952e+00 -1.227795320000000023e+00 -1.227688719999999956e+00 -1.227589159999999957e+00 -1.227494679999999949e+00 -1.227403720000000087e+00 -1.227314999999999934e+00 -1.227226359999999961e+00 -1.227124920000000063e+00
-1.227249800000000057e+00 -1.227352640000000106e+00 -1.227443599999999968e+00 -1.227536280000000035e+00 -1.227634719999999957e+00 -1.227745239999999960e+00 -1.227887399999999962e+00 -1.228163120000000053e+00 -1.230906679999999920e+00 -1.228422040000000104e+00 -1.228382440000000075e+00 -1.228485800000000072e+00 -1.228633279999999939e+00 -1.228809720000000105e+00 -1.229013759999999955e+00 -1.229247240000000074e+00 -1.229517320000000025e+00 -1.229834560000000021e+00 -1.230205800000000016e+00 -1.230647999999999964e+00 -1.231183759999999960e+00 -1.231836359999999964e+00 -1.232645999999999908e+00 -1.233668280000000061e+00 -1.234983240000000038e+00 -1.236689640000000034e+00 -1.239023839999999987e+00 -1.242360560000000058e+00 -1.247293959999999924e+00 -1.254998559999999985e+00 -1.268106200000000072e+00 -1.292625080000000093e+00 -1.346291359999999937e+00 -1.496837959999999912e+00 -2.193589039999999990e+00 -2.193540159999999961e+00 -1.496802439999999956e+00 -1.346266200000000079e+00 -1.292605720000000069e+00 -1.268090399999999951e+00 -1.254985039999999996e+00 -1.247282000000000002e+00 -1.242349759999999970e+00 -1.239013799999999943e+00 -1.236680079999999959e+00 -1.234974079999999974e+00 -1.233659239999999935e+00 -1.232636960000000004e+00 -1.231827199999999900e+00 -1.231174320000000044e+00 -1.230638080000000079e+00 -1.230195200000000044e+00 -1.229823399999999900e+00 -1.229504759999999974e+00 -1.229232639999999988e+00 -1.228995959999999998e+00 -1.228787000000000074e+00 -1.228601520000000002e+00 -1.228435680000000030e+00 -1.228286039999999968e+00 -1.228149799999999958e+00 -1.228025080000000102e+00 -1.227910199999999952e+00 -1.227803640000000085e+00 -1.227704040000000107e+00 -1.227609560000000100e+00 -1.227518679999999973e+00 -1.227429920000000063e+00 -1.227341320000000069e+00 -1.227239919999999929e+00
-1.227373559999999975e+00 -1.227476000000000012e+00 -1.227566120000000094e+00 -1.227657400000000010e+00 -1.227752560000000104e+00 -1.227855200000000035e+00 -1.227972080000000021e+00 -1.228124599999999900e+00 -1.228422040000000104e+00 -1.231385720000000017e+00 -1.228704720000000084e+00 -1.228664360000000011e+00 -1.228780119999999920e+00 -1.228945799999999977e+00 -1.229145039999999911e+00 -1.229376360000000057e+00 -1.229645040000000078e+00 -1.229961480000000051e+00 -1.230331800000000086e+00 -1.230774079999999993e+00 -1.231309640000000094e+00 -1.231962039999999980e+00 -1.232771520000000010e+00 -1.233793719999999983e+00 -1.235108639999999980e+00 -1.236814840000000082e+00 -1.239149119999999993e+00 -1.242485800000000085e+00 -1.247419119999999992e+00 -1.255123839999999991e+00 -1.268231560000000036e+00 -1.292750520000000014e+00 -1.346417200000000092e+00 -1.496964600000000090e+00 -2.193720279999999967e+00 -2.193668680000000037e+00 -1.496928040000000015e+00 -1.346391080000000073e+00 -1.292730479999999904e+00 -1.268215160000000008e+00 -1.255109800000000053e+00 -1.247406720000000080e+00 -1.242474480000000048e+00 -1.239138520000000021e+00 -1.236804760000000059e+00 -1.235098760000000073e+00 -1.233783960000000013e+00 -1.232761680000000082e+00 -1.231951919999999978e+00 -1.231299039999999900e+00 -1.230762799999999935e+00 -1.230319919999999900e+00 -1.229948119999999978e+00 -1.229629440000000073e+00 -1.229357320000000087e+00 -1.229120680000000077e+00 -1.228911679999999951e+00 -1.228726200000000102e+00 -1.228560400000000108e+00 -1.228410720000000067e+00 -1.228274480000000057e+00 -1.228149799999999958e+00 -1.228034920000000030e+00 -1.227928319999999962e+00 -1.227828759999999964e+00 -1.227734279999999956e+00 -1.227643360000000072e+00 -1.227554639999999919e+00 -1.227466039999999925e+00 -1.227364679999999986e+00
-1.227509359999999994e+00 -1.227611240000000103e+00 -1.227700959999999952e+00 -1.227791360000000109e+00 -1.227885080000000073e+00 -1.227984160000000102e+00 -1.228092560000000111e+00 -1.228217880000000095e+00 -1.228382440000000075e+00 -1.228704720000000084e+00 -1.231916559999999938e+00 -1.229015160000000106e+00 -1.228975080000000109e+00 -1.229106239999999906e+00 -1.229293760000000013e+00 -1.229519840000000030e+00 -1.229786159999999962e+00 -1.230101080000000069e+00 -1.230470560000000102e+00 -1.230911799999999889e+00 -1.231447479999999928e+00 -1.232099599999999961e+00 -1.232908920000000075e+00 -1.233930959999999910e+00 -1.235245759999999970e+00 -1.236951920000000094e+00 -1.239286000000000110e+00 -1.242622759999999937e+00 -1.247556040000000088e+00 -1.255260639999999928e+00 -1.268368560000000089e+00 -1.292887600000000026e+00 -1.346554400000000040e+00 -1.497102439999999923e+00 -2.193859680000000090e+00 -2.193807800000000086e+00 -1.497064399999999962e+00 -1.346527280000000104e+00 -1.292866639999999956e+00 -1.268351360000000039e+00 -1.255246000000000084e+00 -1.247543000000000069e+00 -1.242610720000000057e+00 -1.239274760000000031e+00 -1.236941040000000047e+00 -1.235235040000000062e+00 -1.233920200000000023e+00 -1.232897920000000092e+00 -1.232088159999999988e+00 -1.231435279999999910e+00 -1.230899039999999944e+00 -1.230456159999999910e+00 -1.230084359999999988e+00 -1.229765720000000062e+00 -1.229493600000000075e+00 -1.229256920000000086e+00 -1.229047959999999939e+00 -1.228862480000000090e+00 -1.228696639999999896e+00 -1.228547000000000056e+00 -1.228410720000000067e+00 -1.228286039999999968e+00 -1.228171160000000040e+00 -1.228064599999999951e+00 -1.227964999999999973e+00 -1.227870559999999944e+00 -1.227779640000000061e+00 -1.227690960000000109e+00 -1.227602319999999914e+00 -1.227500959999999974e+00
-1.227658480000000107e+00 -1.227760439999999953e+00 -1.227849600000000097e+00 -1.227939520000000062e+00 -1.228032280000000087e+00 -1.228129800000000049e+00 -1.228234400000000059e+00 -1.228350559999999980e+00 -1.228485800000000072e+00 -1.228664360000000011e+00 -1.229015160000000106e+00 -1.232507880000000000e+00 -1.229358479999999920e+00 -1.229319999999999968e+00 -1.229469920000000105e+00 -1.229683199999999976e+00 -1.229943800000000032e+00 -1.230256159999999932e+00 -1.230623919999999982e+00 -1.231064280000000011e+00 -1.231598760000000015e+00 -1.232251079999999943e+00 -1.233060080000000003e+00 -1.234081879999999964e+00 -1.235396520000000109e+00 -1.237102560000000073e+00 -1.239436640000000089e+00 -1.242773160000000043e+00 -1.247706519999999930e+00 -1.255411040000000034e+00 -1.268518800000000057e+00 -1.293038120000000069e+00 -1.346705040000000020e+00 -1.497252999999999945e+00 -2.194010720000000081e+00 -2.193956079999999975e+00 -1.497213640000000012e+00 -1.346676479999999954e+00 -1.293015999999999943e+00 -1.268500760000000005e+00 -1.255395519999999987e+00 -1.247692519999999972e+00 -1.242760319999999918e+00 -1.239424359999999892e+00 -1.237090639999999908e+00 -1.235384679999999902e+00 -1.234069840000000085e+00 -1.233047559999999931e+00 -1.232237800000000050e+00 -1.231584919999999972e+00 -1.231048680000000006e+00 -1.230605839999999951e+00 -1.230234000000000050e+00 -1.229915359999999902e+00 -1.229643239999999915e+00 -1.229406599999999905e+00 -1.229197600000000001e+00 -1.229012119999999930e+00 -1.228846279999999958e+00 -1.228696639999999896e+00 -1.228560400000000108e+00 -1.228435680000000030e+00 -1.228320800000000101e+00 -1.228214240000000013e+00 -1.228114680000000014e+00 -1.228020200000000006e+00 -1.227929320000000102e+00 -1.227840599999999949e+00 -1.227751999999999954e+00 -1.227650640000000015e+00
-1.227823920000000069e+00 -1.227925719999999998e+00 -1.228014919999999899e+00 -1.228104279999999937e+00 -1.228196520000000014e+00 -1.228293000000000079e+00 -1.228395920000000086e+00 -1.228507959999999954e+00 -1.228633279999999939e+00 -1.228780119999999920e+00 -1.228975080000000109e+00 -1.229358479999999920e+00 -1.233171280000000092e+00 -1.229741559999999900e+00 -1.229706079999999924e+00 -1.229878199999999921e+00 -1.230124800000000018e+00 -1.230430839999999915e+00 -1.230795800000000106e+00 -1.231234280000000014e+00 -1.231767760000000100e+00 -1.232418760000000058e+00 -1.233227960000000012e+00 -1.234249439999999920e+00 -1.235563839999999969e+00 -1.237269680000000038e+00 -1.239603599999999917e+00 -1.242940120000000093e+00 -1.247873199999999905e+00 -1.255577879999999924e+00 -1.268685520000000011e+00 -1.293204519999999969e+00 -1.346871719999999994e+00 -1.497419599999999962e+00 -2.194174320000000122e+00 -2.194117680000000181e+00 -1.497377680000000044e+00 -1.346841519999999903e+00 -1.293181240000000010e+00 -1.268666199999999966e+00 -1.255561039999999906e+00 -1.247858160000000050e+00 -1.242925999999999975e+00 -1.239590079999999928e+00 -1.237256399999999923e+00 -1.235550439999999917e+00 -1.234235640000000078e+00 -1.233213359999999925e+00 -1.232403600000000043e+00 -1.231750719999999966e+00 -1.231214519999999979e+00 -1.230771639999999945e+00 -1.230399840000000022e+00 -1.230081159999999896e+00 -1.229809080000000110e+00 -1.229572399999999899e+00 -1.229363399999999995e+00 -1.229177959999999903e+00 -1.229012119999999930e+00 -1.228862480000000090e+00 -1.228726200000000102e+00 -1.228601520000000002e+00 -1.228486640000000074e+00 -1.228380040000000006e+00 -1.228280480000000008e+00 -1.228186039999999979e+00 -1.228095120000000096e+00 -1.228006439999999921e+00 -1.227917839999999927e+00 -1.227816479999999988e+00
-1.228009080000000086e+00 -1.228110800000000058e+00 -1.228199840000000043e+00 -1.228289240000000060e+00 -1.228380880000000008e+00 -1.228476799999999924e+00 -1.228578600000000076e+00 -1.228688840000000004e+00 -1.228809720000000105e+00 -1.228945799999999977e+00 -1.229106239999999906e+00 -1.229319999999999968e+00 -1.229741559999999900e+00 -1.233921279999999898e+00 -1.230172440000000034e+00 -1.230141200000000046e+00 -1.230342559999999974e+00 -1.230633160000000004e+00 -1.230991160000000084e+00 -1.231426520000000080e+00 -1.231957919999999929e+00 -1.232607840000000010e+00 -1.233415520000000098e+00 -1.234437280000000081e+00 -1.235751279999999896e+00 -1.237456880000000092e+00 -1.239790600000000076e+00 -1.243126959999999892e+00 -1.248059999999999947e+00 -1.255764319999999934e+00 -1.268872159999999916e+00 -1.293390959999999978e+00 -1.347057439999999939e+00 -1.497605279999999928e+00 -2.194356319999999805e+00 -2.194293839999999829e+00 -1.497560320000000056e+00 -1.347025520000000087e+00 -1.293365920000000058e+00 -1.268851120000000110e+00 -1.255746119999999966e+00 -1.248043320000000067e+00 -1.243111279999999930e+00 -1.239775400000000083e+00 -1.237441760000000057e+00 -1.235735840000000030e+00 -1.234421039999999969e+00 -1.233398800000000017e+00 -1.232589079999999893e+00 -1.231936200000000037e+00 -1.231399960000000071e+00 -1.230957080000000037e+00 -1.230585279999999893e+00 -1.230266639999999967e+00 -1.229994519999999980e+00 -1.229757879999999970e+00 -1.229548880000000066e+00 -1.229363399999999995e+00 -1.229197600000000001e+00 -1.229047959999999939e+00 -1.228911679999999951e+00 -1.228787000000000074e+00 -1.228672119999999923e+00 -1.228565520000000078e+00 -1.228465960000000079e+00 -1.228371520000000050e+00 -1.228280599999999945e+00 -1.228191919999999993e+00 -1.228103319999999998e+00 -1.228001960000000059e+00
-1.228217839999999894e+00 -1.228319479999999908e+00 -1.228408439999999935e+00 -1.228497680000000036e+00 -1.228589359999999964e+00 -1.228684600000000016e+00 -1.228785840000000018e+00 -1.228894879999999912e+00 -1.229013759999999955e+00 -1.229145039999999911e+00 -1.229293760000000013e+00 -1.229469920000000105e+00 -1.229706079999999924e+00 -1.230172440000000034e+00 -1.234774959999999977e+00 -1.230660120000000024e+00 -1.230637360000000013e+00 -1.230878039999999896e+00 -1.231218960000000084e+00 -1.231646599999999925e+00 -1.232174560000000030e+00 -1.232822120000000021e+00 -1.233628600000000075e+00 -1.234648640000000075e+00 -1.235962999999999923e+00 -1.237668200000000107e+00 -1.240001560000000058e+00 -1.243337680000000001e+00 -1.248270559999999918e+00 -1.255974839999999926e+00 -1.269082159999999959e+00 -1.293601240000000097e+00 -1.347267119999999929e+00 -1.497812520000000092e+00 -2.194558400000000020e+00 -2.194489680000000220e+00 -1.497764759999999917e+00 -1.347232439999999976e+00 -1.293573679999999948e+00 -1.269059359999999970e+00 -1.255954559999999942e+00 -1.248251919999999959e+00 -1.243319960000000002e+00 -1.239984159999999891e+00 -1.237650600000000045e+00 -1.235944680000000018e+00 -1.234629919999999936e+00 -1.233607719999999963e+00 -1.232798000000000060e+00 -1.232145119999999983e+00 -1.231608919999999996e+00 -1.231166079999999940e+00 -1.230794280000000018e+00 -1.230475640000000093e+00 -1.230203520000000106e+00 -1.229966839999999895e+00 -1.229757879999999970e+00 -1.229572399999999899e+00 -1.229406599999999905e+00 -1.229256920000000086e+00 -1.229120680000000077e+00 -1.228995959999999998e+00 -1.228881080000000070e+00 -1.228774519999999981e+00 -1.228674959999999983e+00 -1.228580479999999975e+00 -1.228489600000000070e+00 -1.228400879999999917e+00 -1.228312319999999902e+00 -1.228210959999999963e+00
-1.228454319999999989e+00 -1.228555920000000024e+00 -1.228644759999999891e+00 -1.228733880000000056e+00 -1.228825400000000068e+00 -1.228920760000000056e+00 -1.229021240000000015e+00 -1.229129640000000023e+00 -1.229247240000000074e+00 -1.229376360000000057e+00 -1.229519840000000030e+00 -1.229683199999999976e+00 -1.229878199999999921e+00 -1.230141200000000046e+00 -1.230660120000000024e+00 -1.235752560000000111e+00 -1.231217760000000050e+00 -1.231210240000000011e+00 -1.231495720000000071e+00 -1.231904359999999921e+00 -1.232423719999999889e+00 -1.233067439999999904e+00 -1.233871359999999973e+00 -1.234890040000000022e+00 -1.236202400000000035e+00 -1.237908000000000008e+00 -1.240240919999999969e+00 -1.243576680000000101e+00 -1.248509279999999944e+00 -1.256213360000000057e+00 -1.269320599999999910e+00 -1.293838760000000088e+00 -1.347504880000000016e+00 -1.498048040000000025e+00 -2.194778719999999961e+00 -2.194708680000000189e+00 -1.497995439999999956e+00 -1.347466119999999989e+00 -1.293808679999999933e+00 -1.269294960000000083e+00 -1.256190560000000067e+00 -1.248488080000000000e+00 -1.243556239999999979e+00 -1.240220520000000048e+00 -1.237887039999999939e+00 -1.236181200000000091e+00 -1.234866479999999989e+00 -1.233844280000000015e+00 -1.233034600000000092e+00 -1.232381759999999993e+00 -1.231845560000000006e+00 -1.231402679999999972e+00 -1.231030920000000028e+00 -1.230712280000000103e+00 -1.230440159999999894e+00 -1.230203520000000106e+00 -1.229994519999999980e+00 -1.229809080000000110e+00 -1.229643239999999915e+00 -1.229493600000000075e+00 -1.229357320000000087e+00 -1.229232639999999988e+00 -1.229117760000000059e+00 -1.229011159999999991e+00 -1.228911599999999993e+00 -1.228817119999999985e+00 -1.228726240000000081e+00 -1.228637519999999927e+00 -1.228548959999999912e+00 -1.228447599999999973e+00
-1.228726320000000038e+00 -1.228827839999999894e+00 -1.228916679999999984e+00 -1.229005719999999968e+00 -1.229097080000000064e+00 -1.229192239999999936e+00 -1.229292800000000074e+00 -1.229400400000000060e+00 -1.229517320000000025e+00 -1.229645040000000078e+00 -1.229786159999999962e+00 -1.229943800000000032e+00 -1.230124800000000018e+00 -1.230342559999999974e+00 -1.230637360000000013e+00 -1.231217760000000050e+00 -1.236884840000000096e+00 -1.231865720000000053e+00 -1.231874879999999894e+00 -1.232221599999999917e+00 -1.232719719999999963e+00 -1.233353799999999945e+00 -1.234153360000000088e+00 -1.235169119999999898e+00 -1.236479960000000045e+00 -1.238183239999999907e+00 -1.240516759999999996e+00 -1.243851999999999958e+00 -1.248784160000000032e+00 -1.256487879999999890e+00 -1.269594839999999891e+00 -1.294112839999999931e+00 -1.347777079999999961e+00 -1.498319600000000085e+00 -2.195035959999999786e+00 -2.194950319999999788e+00 -1.498259479999999977e+00 -1.347734360000000020e+00 -1.294078559999999989e+00 -1.269565679999999919e+00 -1.256461719999999893e+00 -1.248759519999999901e+00 -1.243827840000000018e+00 -1.240492280000000003e+00 -1.238158840000000094e+00 -1.236453079999999982e+00 -1.235138440000000060e+00 -1.234116280000000065e+00 -1.233306599999999920e+00 -1.232653800000000022e+00 -1.232117600000000035e+00 -1.231674759999999980e+00 -1.231303000000000036e+00 -1.230984360000000111e+00 -1.230712280000000103e+00 -1.230475640000000093e+00 -1.230266639999999967e+00 -1.230081159999999896e+00 -1.229915359999999902e+00 -1.229765720000000062e+00 -1.229629440000000073e+00 -1.229504759999999974e+00 -1.229389880000000046e+00 -1.229283279999999978e+00 -1.229183719999999980e+00 -1.229089239999999972e+00 -1.228998360000000067e+00 -1.228909639999999914e+00 -1.228821039999999920e+00 -1.228719679999999981e+00
-1.229044919999999985e+00 -1.229146400000000083e+00 -1.229235159999999993e+00 -1.229324159999999999e+00 -1.229415439999999915e+00 -1.229510480000000072e+00 -1.229610840000000094e+00 -1.229718520000000037e+00 -1.229834560000000021e+00 -1.229961520000000030e+00 -1.230101080000000069e+00 -1.230256159999999932e+00 -1.230430839999999915e+00 -1.230633160000000004e+00 -1.230878039999999896e+00 -1.231210240000000011e+00 -1.231865720000000053e+00 -1.238213439999999999e+00 -1.232623760000000068e+00 -1.232660960000000028e+00 -1.233089520000000050e+00 -1.233699639999999986e+00 -1.234488320000000083e+00 -1.235499160000000041e+00 -1.236806679999999936e+00 -1.238508280000000017e+00 -1.240839040000000004e+00 -1.244175000000000031e+00 -1.249106559999999977e+00 -1.256809760000000109e+00 -1.269916199999999940e+00 -1.294433680000000031e+00 -1.348097239999999974e+00 -1.498634079999999980e+00 -2.195338319999999843e+00 -2.195237280000000180e+00 -1.498566199999999959e+00 -1.348047999999999913e+00 -1.294394320000000098e+00 -1.269882439999999946e+00 -1.256779120000000027e+00 -1.249077280000000068e+00 -1.244145880000000037e+00 -1.240810439999999959e+00 -1.238477159999999966e+00 -1.236771440000000055e+00 -1.235456880000000091e+00 -1.234434760000000075e+00 -1.233625160000000109e+00 -1.232972359999999989e+00 -1.232436199999999982e+00 -1.231993399999999905e+00 -1.231621599999999983e+00 -1.231303000000000036e+00 -1.231030920000000028e+00 -1.230794280000000018e+00 -1.230585279999999893e+00 -1.230399840000000022e+00 -1.230234000000000050e+00 -1.230084359999999988e+00 -1.229948119999999978e+00 -1.229823399999999900e+00 -1.229708519999999972e+00 -1.229601919999999904e+00 -1.229502359999999905e+00 -1.229407879999999897e+00 -1.229316999999999993e+00 -1.229228280000000062e+00 -1.229139680000000068e+00 -1.229038319999999906e+00
-1.229416719999999907e+00 -1.229518160000000027e+00 -1.229606879999999958e+00 -1.229695800000000006e+00 -1.229787039999999942e+00 -1.229881959999999941e+00 -1.229982200000000025e+00 -1.230089680000000074e+00 -1.230205800000000016e+00 -1.230331800000000086e+00 -1.230470560000000102e+00 -1.230623919999999982e+00 -1.230795800000000106e+00 -1.230991160000000084e+00 -1.231218960000000084e+00 -1.231495720000000071e+00 -1.231874879999999894e+00 -1.232623760000000068e+00 -1.239777319999999960e+00 -1.233519040000000011e+00 -1.233598439999999963e+00 -1.234129919999999991e+00 -1.234891399999999972e+00 -1.235889840000000017e+00 -1.237191799999999953e+00 -1.238889560000000056e+00 -1.241218359999999965e+00 -1.244550999999999963e+00 -1.249483560000000049e+00 -1.257186039999999894e+00 -1.270291800000000082e+00 -1.294808399999999970e+00 -1.348470599999999964e+00 -1.499003920000000045e+00 -2.195675679999999907e+00 -2.195570720000000087e+00 -1.498924879999999904e+00 -1.348412799999999967e+00 -1.294762439999999959e+00 -1.270251919999999979e+00 -1.257149319999999904e+00 -1.249447999999999892e+00 -1.244516879999999937e+00 -1.241181679999999954e+00 -1.238848479999999919e+00 -1.237142919999999924e+00 -1.235828399999999938e+00 -1.234806360000000103e+00 -1.233996799999999894e+00 -1.233344039999999975e+00 -1.232807919999999946e+00 -1.232365120000000092e+00 -1.231993399999999905e+00 -1.231674759999999980e+00 -1.231402679999999972e+00 -1.231166079999999940e+00 -1.230957080000000037e+00 -1.230771639999999945e+00 -1.230605839999999951e+00 -1.230456159999999910e+00 -1.230319919999999900e+00 -1.230195200000000044e+00 -1.230080319999999894e+00 -1.229973720000000048e+00 -1.229874160000000050e+00 -1.229779680000000042e+00 -1.229688759999999936e+00 -1.229600040000000005e+00 -1.229511440000000011e+00 -1.229410080000000072e+00
-1.229859599999999942e+00 -1.229961040000000061e+00 -1.230049759999999992e+00 -1.230138600000000082e+00 -1.230229800000000040e+00 -1.230324640000000080e+00 -1.230424760000000006e+00 -1.230532079999999917e+00 -1.230647999999999964e+00 -1.230774079999999993e+00 -1.230911799999999889e+00 -1.231064280000000011e+00 -1.231234280000000014e+00 -1.231426520000000080e+00 -1.231646599999999925e+00 -1.231904359999999921e+00 -1.232221599999999917e+00 -1.232660960000000028e+00 -1.233519000000000032e+00 -1.241646400000000039e+00 -1.234595239999999983e+00 -1.234729919999999925e+00 -1.235401680000000058e+00 -1.236369040000000030e+00 -1.237656719999999932e+00 -1.239348080000000074e+00 -1.241672440000000099e+00 -1.245002839999999944e+00 -1.249931319999999957e+00 -1.257635119999999995e+00 -1.270739960000000002e+00 -1.295255440000000036e+00 -1.348915560000000013e+00 -1.499443840000000083e+00 -2.196090400000000109e+00 -2.195952800000000149e+00 -1.499350879999999941e+00 -1.348847439999999898e+00 -1.295200240000000003e+00 -1.270691800000000038e+00 -1.257590159999999901e+00 -1.249889400000000039e+00 -1.244958720000000074e+00 -1.241623759999999965e+00 -1.239290800000000026e+00 -1.237585319999999989e+00 -1.236270919999999940e+00 -1.235248960000000062e+00 -1.234439440000000054e+00 -1.233786760000000093e+00 -1.233250680000000044e+00 -1.232807919999999946e+00 -1.232436199999999982e+00 -1.232117600000000035e+00 -1.231845560000000006e+00 -1.231608919999999996e+00 -1.231399960000000071e+00 -1.231214519999999979e+00 -1.231048680000000006e+00 -1.230899039999999944e+00 -1.230762799999999935e+00 -1.230638080000000079e+00 -1.230523199999999928e+00 -1.230416600000000082e+00 -1.230317000000000105e+00 -1.230222520000000097e+00 -1.230131639999999971e+00 -1.230042920000000040e+00 -1.229954280000000066e+00 -1.229852919999999905e+00
-1.230395920000000087e+00 -1.230497320000000006e+00 -1.230585999999999958e+00 -1.230674840000000048e+00 -1.230765960000000048e+00 -1.230860760000000109e+00 -1.230960800000000077e+00 -1.231068000000000051e+00 -1.231183759999999960e+00 -1.231309599999999893e+00 -1.231447479999999928e+00 -1.231598760000000015e+00 -1.231767760000000100e+00 -1.231957919999999929e+00 -1.232174560000000030e+00 -1.232423719999999889e+00 -1.232719719999999963e+00 -1.233089520000000050e+00 -1.233598439999999963e+00 -1.234595239999999983e+00 -1.243911439999999979e+00 -1.235902840000000058e+00 -1.236119720000000033e+00 -1.236983839999999946e+00 -1.238235600000000103e+00 -1.239910400000000079e+00 -1.242227360000000003e+00 -1.245552559999999920e+00 -1.250478360000000011e+00 -1.258176879999999942e+00 -1.271283680000000027e+00 -1.295797599999999994e+00 -1.349455199999999966e+00 -1.499975959999999997e+00 -2.196585359999999820e+00 -2.196428880000000028e+00 -1.499863359999999979e+00 -1.349373359999999966e+00 -1.295730440000000039e+00 -1.271223959999999931e+00 -1.258123799999999903e+00 -1.250423800000000085e+00 -1.245493600000000090e+00 -1.242159000000000013e+00 -1.239826279999999947e+00 -1.238121000000000027e+00 -1.236806719999999915e+00 -1.235784879999999974e+00 -1.234975439999999924e+00 -1.234322799999999942e+00 -1.233786760000000093e+00 -1.233344039999999975e+00 -1.232972359999999989e+00 -1.232653800000000022e+00 -1.232381759999999993e+00 -1.232145119999999983e+00 -1.231936200000000037e+00 -1.231750719999999966e+00 -1.231584919999999972e+00 -1.231435279999999910e+00 -1.231299039999999900e+00 -1.231174320000000044e+00 -1.231059439999999894e+00 -1.230952840000000048e+00 -1.230853240000000071e+00 -1.230758760000000063e+00 -1.230667839999999957e+00 -1.230579080000000047e+00 -1.230490480000000053e+00 -1.230389079999999913e+00
