3.630201599999999806e-01 3.645660800000000146e-01 3.646069200000000010e-01 3.645662000000000069e-01 3.645012000000000252e-01 3.644221200000000160e-01 3.643314799999999853e-01 3.642293999999999810e-01 3.641141600000000200e-01 3.639830800000000144e-01 3.638328399999999907e-01 3.636608000000000063e-01 3.634631600000000073e-01 3.632367200000000129e-01 3.629693600000000187e-01 3.626568399999999803e-01 3.622953199999999763e-01 3.618587600000000015e-01 3.613365199999999944e-01 3.607078799999999807e-01 3.599281200000000180e-01 3.589553999999999800e-01 3.577237600000000017e-01 3.561399199999999987e-01 3.539351600000000264e-01 3.509366800000000008e-01 3.467675599999999747e-01 3.405447600000000019e-01 3.306461199999999878e-01 3.134202400000000166e-01 2.801757599999999959e-01 2.021209999999999951e-01 -7.013624000000000247e-02 1.768539359999999894e+00 1.768505159999999909e+00 -7.008783999999999847e-02 2.021495600000000059e-01 2.801962000000000064e-01 3.134361600000000192e-01 3.306591999999999865e-01 3.405559599999999909e-01 3.467774000000000134e-01 3.509455200000000108e-01 3.539432000000000134e-01 3.561473600000000239e-01 3.577307200000000020e-01 3.589619600000000244e-01 3.599343999999999877e-01 3.607138799999999867e-01 3.613423199999999946e-01 3.618644400000000094e-01 3.623008799999999918e-01 3.626623999999999959e-01 3.629749600000000131e-01 3.632424000000000208e-01 3.634689600000000076e-01 3.636668000000000123e-01 3.638391599999999948e-01 3.639896400000000032e-01 3.641214400000000184e-01 3.642376800000000081e-01 3.643413600000000030e-01 3.644344800000000051e-01 3.645181599999999800e-01 3.645928399999999736e-01 3.646589599999999765e-01 3.647193200000000135e-01 3.647765199999999930e-01 3.648338799999999993e-01 3.649089600000000044e-01
3.645660800000000146e-01 3.627284800000000198e-01 3.643983199999999978e-01 3.644456799999999941e-01 3.644000000000000017e-01 3.643274799999999813e-01 3.642397199999999891e-01 3.641389199999999771e-01 3.640245200000000181e-01 3.638938800000000029e-01 3.637442000000000175e-01 3.635721199999999986e-01 3.633746400000000265e-01 3.631483200000000244e-01 3.628810399999999881e-01 3.625686000000000186e-01 3.622070800000000146e-01 3.617705999999999977e-01 3.612483599999999906e-01 3.606197600000000114e-01 3.598400400000000277e-01 3.588672800000000107e-01 3.576356800000000113e-01 3.560518400000000083e-01 3.538470400000000016e-01 3.508485599999999760e-01 3.466794000000000264e-01 3.404565999999999981e-01 3.305578800000000261e-01 3.133318800000000071e-01 2.800871200000000227e-01 2.020315599999999989e-01 -7.022912000000000599e-02 1.768465879999999935e+00 1.768433160000000059e+00 -7.018088000000000104e-02 2.020596799999999915e-01 2.801071600000000217e-01 3.133475199999999905e-01 3.305707600000000190e-01 3.404676400000000158e-01 3.466891999999999752e-01 3.508573600000000070e-01 3.538550799999999885e-01 3.560592799999999780e-01 3.576426400000000116e-01 3.588738799999999785e-01 3.598463599999999762e-01 3.606258399999999753e-01 3.612543200000000176e-01 3.617763999999999980e-01 3.622128800000000148e-01 3.625744000000000189e-01 3.628869599999999807e-01 3.631543999999999883e-01 3.633809599999999751e-01 3.635787999999999798e-01 3.637511600000000178e-01 3.639016400000000262e-01 3.640334000000000070e-01 3.641496399999999967e-01 3.642533199999999916e-01 3.643464000000000147e-01 3.644300799999999896e-01 3.645047200000000043e-01 3.645707999999999727e-01 3.646310400000000174e-01 3.646881200000000045e-01 3.647451600000000127e-01 3.648196400000000006e-01
3.646069200000000010e-01 3.643983199999999978e-01 3.624680000000000124e-01 3.642489999999999895e-01 3.642969999999999819e-01 3.642450400000000199e-01 3.641642399999999724e-01 3.640665200000000046e-01 3.639534799999999959e-01 3.638237200000000171e-01 3.636745200000000011e-01 3.635030399999999995e-01 3.633054800000000140e-01 3.630793199999999832e-01 3.628121599999999947e-01 3.624997999999999831e-01 3.621383599999999925e-01 3.617019200000000101e-01 3.611797600000000164e-01 3.605511599999999817e-01 3.597714399999999979e-01 3.587987200000000154e-01 3.575670799999999816e-01 3.559832399999999786e-01 3.537784400000000273e-01 3.507799200000000228e-01 3.466107199999999833e-01 3.403878000000000181e-01 3.304889999999999772e-01 3.132627599999999735e-01 2.800176799999999910e-01 2.019610400000000083e-01 -7.030332000000000248e-02 1.768419200000000080e+00 1.768385560000000023e+00 -7.025576000000000043e-02 2.019887200000000105e-01 2.800373999999999919e-01 3.132782800000000201e-01 3.305018000000000122e-01 3.403988399999999803e-01 3.466204800000000086e-01 3.507886800000000194e-01 3.537864800000000143e-01 3.559907199999999827e-01 3.575741199999999953e-01 3.588053600000000176e-01 3.597778400000000154e-01 3.605573599999999934e-01 3.611858399999999802e-01 3.617079599999999950e-01 3.621443999999999774e-01 3.625059600000000160e-01 3.628185199999999777e-01 3.630859599999999854e-01 3.633125200000000277e-01 3.635103599999999768e-01 3.636827200000000149e-01 3.638331599999999888e-01 3.639649600000000040e-01 3.640811999999999937e-01 3.641848400000000097e-01 3.642779199999999773e-01 3.643615599999999732e-01 3.644361600000000090e-01 3.645021999999999984e-01 3.645623599999999742e-01 3.646193200000000245e-01 3.646762399999999849e-01 3.647504400000000091e-01
3.645662000000000069e-01 3.644456799999999941e-01 3.642489999999999895e-01 3.621934800000000121e-01 3.640906799999999999e-01 3.641387200000000268e-01 3.640798800000000224e-01 3.639895200000000108e-01 3.638797999999999755e-01 3.637515199999999949e-01 3.636032399999999942e-01 3.634322799999999964e-01 3.632353600000000071e-01 3.630091599999999974e-01 3.627421200000000012e-01 3.624298799999999821e-01 3.620685599999999837e-01 3.616321599999999803e-01 3.611100400000000210e-01 3.604815199999999997e-01 3.597018000000000160e-01 3.587291200000000124e-01 3.574975200000000131e-01 3.559136399999999756e-01 3.537088400000000243e-01 3.507103200000000198e-01 3.465410400000000224e-01 3.403180399999999883e-01 3.304190799999999761e-01 3.131926800000000011e-01 2.799471199999999937e-01 2.018896400000000091e-01 -7.037831999999999422e-02 1.768369319999999911e+00 1.768337880000000029e+00 -7.033135999999999555e-02 2.019169600000000064e-01 2.799667599999999812e-01 3.132081199999999788e-01 3.304318800000000111e-01 3.403290800000000060e-01 3.465507999999999922e-01 3.507190800000000164e-01 3.537169199999999902e-01 3.559211999999999931e-01 3.575046399999999847e-01 3.587359199999999859e-01 3.597083999999999837e-01 3.604879200000000172e-01 3.611164000000000041e-01 3.616385200000000189e-01 3.620749999999999802e-01 3.624365600000000187e-01 3.627490800000000015e-01 3.630165599999999881e-01 3.632431199999999749e-01 3.634409599999999796e-01 3.636133200000000176e-01 3.637637599999999916e-01 3.638955199999999723e-01 3.640117600000000175e-01 3.641153999999999780e-01 3.642084400000000222e-01 3.642920800000000181e-01 3.643666799999999983e-01 3.644326399999999744e-01 3.644928000000000057e-01 3.645496799999999871e-01 3.646064800000000106e-01 3.646805200000000080e-01
3.645012000000000252e-01 3.644000000000000017e-01 3.642969999999999819e-01 3.640906799999999999e-01 3.618910000000000182e-01 3.639157199999999981e-01 3.639638399999999829e-01 3.638970400000000049e-01 3.637952400000000197e-01 3.636705199999999971e-01 3.635238000000000080e-01 3.633538399999999835e-01 3.631574799999999770e-01 3.629319599999999979e-01 3.626648800000000228e-01 3.623527999999999749e-01 3.619916000000000245e-01 3.615553200000000134e-01 3.610332800000000120e-01 3.604048000000000251e-01 3.596251999999999782e-01 3.586524799999999957e-01 3.574209199999999753e-01 3.558370799999999723e-01 3.536322000000000076e-01 3.506336400000000242e-01 3.464643600000000268e-01 3.402413200000000137e-01 3.303422400000000092e-01 3.131155600000000150e-01 2.798696399999999751e-01 2.018112400000000028e-01 -7.045948000000000488e-02 1.768309960000000070e+00 1.768278320000000070e+00 -7.041363999999999956e-02 2.018385199999999935e-01 2.798893199999999970e-01 3.131310800000000061e-01 3.303550800000000232e-01 3.402524000000000104e-01 3.464742000000000099e-01 3.506425599999999920e-01 3.536404400000000003e-01 3.558447200000000032e-01 3.574281599999999948e-01 3.586594799999999750e-01 3.596319599999999728e-01 3.604115199999999852e-01 3.610400000000000276e-01 3.615621600000000213e-01 3.619986000000000037e-01 3.623601599999999867e-01 3.626727200000000040e-01 3.629401600000000117e-01 3.631667199999999984e-01 3.633645999999999820e-01 3.635369199999999856e-01 3.636873999999999940e-01 3.638191599999999748e-01 3.639353599999999855e-01 3.640390000000000015e-01 3.641320399999999902e-01 3.642156400000000072e-01 3.642902399999999874e-01 3.643562000000000189e-01 3.644163200000000158e-01 3.644731600000000182e-01 3.645298799999999728e-01 3.646038400000000124e-01
3.644221200000000160e-01 3.643274799999999813e-01 3.642450400000000199e-01 3.641387200000000268e-01 3.639157199999999981e-01 3.615557999999999828e-01 3.637217600000000051e-01 3.637697200000000186e-01 3.636931999999999943e-01 3.635769999999999835e-01 3.634340799999999927e-01 3.632658400000000065e-01 3.630705599999999866e-01 3.628456400000000248e-01 3.625792800000000038e-01 3.622671599999999770e-01 3.619061199999999978e-01 3.614700000000000135e-01 3.609480400000000255e-01 3.603196399999999966e-01 3.595400799999999841e-01 3.585674400000000150e-01 3.573358799999999946e-01 3.557520800000000261e-01 3.535472800000000193e-01 3.505486400000000224e-01 3.463793199999999906e-01 3.401562399999999986e-01 3.302570400000000017e-01 3.130301999999999807e-01 2.797838400000000059e-01 2.017246400000000106e-01 -7.054903999999999342e-02 1.768239200000000011e+00 1.768207400000000096e+00 -7.050280000000000435e-02 2.017519999999999869e-01 2.798037600000000125e-01 3.130458799999999986e-01 3.302700800000000214e-01 3.401674800000000221e-01 3.463893599999999795e-01 3.505577599999999960e-01 3.535556400000000044e-01 3.557599599999999862e-01 3.573434400000000122e-01 3.585747599999999924e-01 3.595472800000000246e-01 3.603268399999999816e-01 3.609553200000000239e-01 3.614774399999999832e-01 3.619139200000000001e-01 3.622754799999999831e-01 3.625880400000000003e-01 3.628554800000000080e-01 3.630820799999999737e-01 3.632799199999999784e-01 3.634522399999999820e-01 3.636027199999999904e-01 3.637344800000000267e-01 3.638506799999999819e-01 3.639543199999999978e-01 3.640473599999999865e-01 3.641309200000000246e-01 3.642055200000000048e-01 3.642714400000000019e-01 3.643315200000000198e-01 3.643883199999999878e-01 3.644450399999999979e-01 3.645189200000000240e-01
3.643314799999999853e-01 3.642397199999999891e-01 3.641642399999999724e-01 3.640798800000000224e-01 3.639638399999999829e-01 3.637217600000000051e-01 3.611839600000000261e-01 3.635065599999999786e-01 3.635534400000000055e-01 3.634644399999999997e-01 3.633307199999999959e-01 3.631666000000000061e-01 3.629731600000000169e-01 3.627493999999999996e-01 3.624837200000000093e-01 3.621723600000000265e-01 3.618112399999999784e-01 3.613753199999999999e-01 3.608535199999999832e-01 3.602252400000000021e-01 3.594457600000000030e-01 3.584731999999999918e-01 3.572417199999999848e-01 3.556578799999999818e-01 3.534531200000000095e-01 3.504545600000000261e-01 3.462851599999999808e-01 3.400619999999999754e-01 3.301627599999999996e-01 3.129357600000000073e-01 2.796890799999999788e-01 2.016290400000000094e-01 -7.064700000000000146e-02 1.768158279999999971e+00 1.768124119999999966e+00 -7.060004000000000279e-02 2.016569599999999962e-01 2.797092400000000256e-01 3.129517199999999888e-01 3.301760400000000040e-01 3.400735200000000180e-01 3.462954400000000099e-01 3.504638800000000054e-01 3.534617999999999927e-01 3.556661600000000090e-01 3.572496399999999794e-01 3.584809600000000152e-01 3.594534799999999919e-01 3.602330400000000044e-01 3.608615199999999912e-01 3.613836799999999849e-01 3.618201600000000018e-01 3.621817199999999848e-01 3.624942800000000021e-01 3.627617200000000097e-01 3.629883199999999754e-01 3.631861599999999801e-01 3.633585200000000182e-01 3.635089599999999921e-01 3.636407199999999729e-01 3.637569199999999836e-01 3.638605599999999995e-01 3.639535600000000093e-01 3.640371600000000263e-01 3.641117200000000276e-01 3.641776400000000247e-01 3.642376800000000081e-01 3.642944799999999761e-01 3.643511600000000072e-01 3.644249999999999989e-01
3.642293999999999810e-01 3.641389199999999771e-01 3.640665200000000046e-01 3.639895200000000108e-01 3.638970400000000049e-01 3.637697200000000186e-01 3.635065599999999786e-01 3.607700400000000140e-01 3.632664800000000027e-01 3.633105200000000257e-01 3.632061999999999791e-01 3.630519999999999858e-01 3.628629999999999911e-01 3.626412399999999758e-01 3.623768399999999779e-01 3.620662000000000047e-01 3.617059599999999930e-01 3.612699200000000221e-01 3.607483599999999901e-01 3.601202399999999804e-01 3.593408799999999736e-01 3.583683999999999759e-01 3.571369600000000033e-01 3.555532800000000271e-01 3.533484399999999859e-01 3.503499199999999814e-01 3.461806000000000050e-01 3.399573599999999862e-01 3.300580000000000180e-01 3.128309200000000123e-01 2.795839600000000202e-01 2.015233200000000058e-01 -7.075523999999999702e-02 1.768064199999999975e+00 1.768029639999999958e+00 -7.070640000000000258e-02 2.015519600000000022e-01 2.796046400000000154e-01 3.128472400000000264e-01 3.300717200000000129e-01 3.399692400000000059e-01 3.461911999999999767e-01 3.503596400000000277e-01 3.533575999999999939e-01 3.555619600000000102e-01 3.571454399999999807e-01 3.583767999999999954e-01 3.593493200000000276e-01 3.601288799999999846e-01 3.607573600000000269e-01 3.612795200000000206e-01 3.617159999999999820e-01 3.620775600000000205e-01 3.623901199999999823e-01 3.626576000000000244e-01 3.628841600000000112e-01 3.630820000000000158e-01 3.632543599999999984e-01 3.634047999999999723e-01 3.635365600000000086e-01 3.636527600000000193e-01 3.637563999999999798e-01 3.638493999999999895e-01 3.639330000000000065e-01 3.640075199999999733e-01 3.640734400000000259e-01 3.641334800000000094e-01 3.641902399999999984e-01 3.642468799999999951e-01 3.643207199999999868e-01
3.641141600000000200e-01 3.640245200000000181e-01 3.639534799999999959e-01 3.638797999999999755e-01 3.637952400000000197e-01 3.636931999999999943e-01 3.635534400000000055e-01 3.632664800000000027e-01 3.603065200000000190e-01 3.629960400000000198e-01 3.630356399999999928e-01 3.629132400000000258e-01 3.627349999999999741e-01 3.625180800000000203e-01 3.622558399999999956e-01 3.619466000000000072e-01 3.615871199999999841e-01 3.611520400000000075e-01 3.606303599999999832e-01 3.600024800000000136e-01 3.592233200000000126e-01 3.582509600000000072e-01 3.570196400000000270e-01 3.554359999999999742e-01 3.532313200000000153e-01 3.502327199999999974e-01 3.460634399999999999e-01 3.398402799999999946e-01 3.299407999999999785e-01 3.127135999999999805e-01 2.794664800000000171e-01 2.014052799999999921e-01 -7.087472000000000216e-02 1.767956440000000073e+00 1.767919440000000009e+00 -7.082460000000000144e-02 2.014350400000000096e-01 2.794878800000000219e-01 3.127305599999999908e-01 3.299549999999999983e-01 3.398526399999999836e-01 3.460746000000000100e-01 3.502430400000000055e-01 3.532410000000000272e-01 3.554453599999999880e-01 3.570288400000000140e-01 3.582601999999999731e-01 3.592327200000000054e-01 3.600122800000000178e-01 3.606407999999999836e-01 3.611629599999999773e-01 3.615994399999999942e-01 3.619609999999999772e-01 3.622735599999999945e-01 3.625410000000000021e-01 3.627675599999999889e-01 3.629654399999999725e-01 3.631377599999999761e-01 3.632882399999999845e-01 3.634200000000000208e-01 3.635361999999999760e-01 3.636398000000000130e-01 3.637328400000000017e-01 3.638163999999999842e-01 3.638909200000000066e-01 3.639568400000000037e-01 3.640168799999999871e-01 3.640736399999999762e-01 3.641302399999999939e-01 3.642040400000000067e-01
3.639830800000000144e-01 3.638938800000000029e-01 3.638237200000000171e-01 3.637515199999999949e-01 3.636705199999999971e-01 3.635769999999999835e-01 3.634644399999999997e-01 3.633105200000000257e-01 3.629960400000000198e-01 3.597832799999999831e-01 3.626886799999999855e-01 3.627224000000000004e-01 3.625787599999999999e-01 3.623735200000000045e-01 3.621165199999999973e-01 3.618096399999999879e-01 3.614517199999999764e-01 3.610174800000000017e-01 3.604968800000000195e-01 3.598688400000000231e-01 3.590899599999999858e-01 3.581177999999999861e-01 3.568866399999999772e-01 3.553030799999999934e-01 3.530984400000000134e-01 3.501000400000000012e-01 3.459306799999999904e-01 3.397075600000000195e-01 3.298081999999999958e-01 3.125807999999999920e-01 2.793335200000000018e-01 2.012721199999999988e-01 -7.100903999999999550e-02 1.767828640000000062e+00 1.767791200000000007e+00 -7.095683999999999325e-02 2.013030000000000097e-01 2.793559600000000143e-01 3.125985600000000253e-01 3.298229999999999773e-01 3.397205600000000048e-01 3.459425600000000101e-01 3.501110000000000055e-01 3.531089600000000273e-01 3.553133199999999881e-01 3.568968000000000140e-01 3.581281599999999732e-01 3.591006800000000054e-01 3.598802400000000179e-01 3.605087599999999837e-01 3.610308799999999985e-01 3.614673999999999943e-01 3.618289599999999773e-01 3.621415199999999945e-01 3.624089600000000022e-01 3.626355199999999890e-01 3.628333999999999726e-01 3.630057199999999762e-01 3.631561999999999846e-01 3.632879600000000209e-01 3.634041599999999761e-01 3.635077600000000131e-01 3.636008000000000018e-01 3.636843599999999843e-01 3.637588800000000067e-01 3.638247600000000248e-01 3.638848000000000082e-01 3.639415599999999973e-01 3.639981600000000150e-01 3.640719199999999933e-01
3.638328399999999907e-01 3.637442000000000175e-01 3.636745200000000011e-01 3.636032399999999942e-01 3.635238000000000080e-01 3.634340799999999927e-01 3.633307199999999959e-01 3.632061999999999791e-01 3.630356399999999928e-01 3.626886799999999855e-01 3.591888400000000092e-01 3.623374400000000106e-01 3.623638000000000137e-01 3.621962400000000026e-01 3.619520800000000094e-01 3.616509199999999868e-01 3.612955600000000156e-01 3.608630400000000238e-01 3.603433200000000225e-01 3.597165199999999841e-01 3.589374000000000176e-01 3.579655600000000160e-01 3.567346399999999917e-01 3.551512399999999792e-01 3.529467199999999916e-01 3.499483600000000139e-01 3.457792399999999877e-01 3.395560000000000245e-01 3.296567200000000142e-01 3.124294400000000027e-01 2.791819199999999723e-01 2.011203599999999980e-01 -7.116084000000000298e-02 1.767678560000000010e+00 1.767638760000000087e+00 -7.110692000000000401e-02 2.011528399999999994e-01 2.792055600000000193e-01 3.124481199999999959e-01 3.296724799999999900e-01 3.395699600000000040e-01 3.457919199999999749e-01 3.499603600000000259e-01 3.529582800000000131e-01 3.551626399999999739e-01 3.567461199999999999e-01 3.579774399999999801e-01 3.589499600000000124e-01 3.597295600000000038e-01 3.603580399999999906e-01 3.608801999999999843e-01 3.613166800000000012e-01 3.616782399999999842e-01 3.619908000000000015e-01 3.622582400000000091e-01 3.624848399999999748e-01 3.626826799999999795e-01 3.628550400000000176e-01 3.630054799999999915e-01 3.631372399999999723e-01 3.632534399999999830e-01 3.633570799999999990e-01 3.634500800000000087e-01 3.635336399999999912e-01 3.636081600000000136e-01 3.636740399999999762e-01 3.637340800000000152e-01 3.637908000000000253e-01 3.638473999999999875e-01 3.639211600000000213e-01
3.636608000000000063e-01 3.635721199999999986e-01 3.635030399999999995e-01 3.634322799999999964e-01 3.633538399999999835e-01 3.632658400000000065e-01 3.631666000000000061e-01 3.630519999999999858e-01 3.629132400000000258e-01 3.627224000000000004e-01 3.623374400000000106e-01 3.585107200000000049e-01 3.619349599999999723e-01 3.619531999999999750e-01 3.617502400000000007e-01 3.614631600000000056e-01 3.611141199999999829e-01 3.606844000000000161e-01 3.601666000000000034e-01 3.595407600000000148e-01 3.587629999999999986e-01 3.577909599999999912e-01 3.565603199999999862e-01 3.549771999999999927e-01 3.527728800000000109e-01 3.497746400000000255e-01 3.456055599999999783e-01 3.393825999999999787e-01 3.294831200000000182e-01 3.122559999999999780e-01 2.790088399999999802e-01 2.009469200000000011e-01 -7.133423999999999321e-02 1.767500999999999989e+00 1.767460119999999968e+00 -7.127667999999999504e-02 2.009813199999999911e-01 2.790337199999999851e-01 3.122759999999999980e-01 3.295002399999999998e-01 3.393976400000000004e-01 3.456195200000000134e-01 3.497878799999999955e-01 3.527857999999999827e-01 3.549901200000000201e-01 3.565735999999999906e-01 3.578049200000000263e-01 3.587774400000000030e-01 3.595570000000000155e-01 3.601854800000000023e-01 3.607076399999999960e-01 3.611441200000000129e-01 3.615056799999999959e-01 3.618182400000000132e-01 3.620856800000000209e-01 3.623122799999999866e-01 3.625101199999999912e-01 3.626824799999999738e-01 3.628329200000000032e-01 3.629646799999999840e-01 3.630808799999999947e-01 3.631845200000000107e-01 3.632775200000000204e-01 3.633610800000000030e-01 3.634356000000000253e-01 3.635014799999999879e-01 3.635615200000000269e-01 3.636182399999999815e-01 3.636748399999999992e-01 3.637485999999999775e-01
3.634631600000000073e-01 3.633746400000000265e-01 3.633054800000000140e-01 3.632353600000000071e-01 3.631574799999999770e-01 3.630705599999999866e-01 3.629731600000000169e-01 3.628629999999999911e-01 3.627349999999999741e-01 3.625787599999999999e-01 3.623638000000000137e-01 3.619349599999999723e-01 3.577340399999999754e-01 3.614736399999999850e-01 3.614745200000000214e-01 3.612327599999999861e-01 3.608991999999999756e-01 3.604764400000000091e-01 3.599617600000000195e-01 3.593379999999999908e-01 3.585613599999999956e-01 3.575907999999999864e-01 3.563599199999999967e-01 3.547771599999999803e-01 3.525731200000000176e-01 3.495751200000000170e-01 3.454061600000000176e-01 3.391832399999999970e-01 3.292841599999999924e-01 3.120568400000000020e-01 2.788098800000000099e-01 2.007488400000000117e-01 -7.153207999999999789e-02 1.767293519999999951e+00 1.767249800000000093e+00 -7.147008000000000527e-02 2.007852400000000037e-01 2.788366800000000034e-01 3.120786400000000183e-01 3.293026399999999798e-01 3.391999600000000226e-01 3.454217199999999877e-01 3.495900399999999908e-01 3.525878800000000202e-01 3.547922000000000020e-01 3.563756399999999935e-01 3.576069199999999948e-01 3.585794400000000270e-01 3.593589999999999840e-01 3.599874800000000263e-01 3.605095999999999856e-01 3.609460800000000025e-01 3.613076399999999855e-01 3.616202000000000027e-01 3.618876799999999894e-01 3.621142399999999761e-01 3.623120799999999808e-01 3.624844400000000189e-01 3.626348799999999928e-01 3.627666399999999736e-01 3.628828399999999843e-01 3.629864800000000002e-01 3.630794800000000100e-01 3.631630399999999925e-01 3.632375600000000149e-01 3.633034800000000120e-01 3.633634800000000165e-01 3.634202000000000266e-01 3.634767999999999888e-01 3.635505600000000226e-01
3.632367200000000129e-01 3.631483200000000244e-01 3.630793199999999832e-01 3.630091599999999974e-01 3.629319599999999979e-01 3.628456400000000248e-01 3.627493999999999996e-01 3.626412399999999758e-01 3.625180800000000203e-01 3.623735200000000045e-01 3.621962400000000026e-01 3.619531999999999750e-01 3.614736399999999850e-01 3.568428799999999734e-01 3.609370800000000212e-01 3.609199599999999841e-01 3.606364799999999815e-01 3.602308799999999755e-01 3.597239199999999748e-01 3.591036000000000228e-01 3.583292799999999723e-01 3.573599599999999765e-01 3.561308000000000251e-01 3.545477200000000106e-01 3.523440800000000039e-01 3.493463600000000224e-01 3.451776799999999867e-01 3.389549199999999929e-01 3.290559200000000017e-01 3.118291599999999941e-01 2.785819600000000174e-01 2.005216400000000010e-01 -7.175563999999999554e-02 1.767052920000000027e+00 1.767006880000000058e+00 -7.168955999999999940e-02 2.005612800000000084e-01 2.786114800000000225e-01 3.118527999999999856e-01 3.290765600000000179e-01 3.389736799999999994e-01 3.451953200000000277e-01 3.493635600000000174e-01 3.523613600000000123e-01 3.545655999999999808e-01 3.561489999999999934e-01 3.573802799999999946e-01 3.583527599999999924e-01 3.591323200000000049e-01 3.597607999999999917e-01 3.602829200000000065e-01 3.607194000000000234e-01 3.610809200000000274e-01 3.613934799999999892e-01 3.616609199999999968e-01 3.618875200000000181e-01 3.620853600000000228e-01 3.622577200000000053e-01 3.624081599999999792e-01 3.625399200000000155e-01 3.626561200000000262e-01 3.627597599999999867e-01 3.628527599999999964e-01 3.629363199999999789e-01 3.630108799999999802e-01 3.630767599999999984e-01 3.631367600000000029e-01 3.631934800000000130e-01 3.632500799999999752e-01 3.633237999999999746e-01
3.629693600000000187e-01 3.628810399999999881e-01 3.628121599999999947e-01 3.627421200000000012e-01 3.626648800000000228e-01 3.625792800000000038e-01 3.624836799999999748e-01 3.623768399999999779e-01 3.622558399999999956e-01 3.621165199999999973e-01 3.619520800000000094e-01 3.617502400000000007e-01 3.614745200000000214e-01 3.609370800000000212e-01 3.558008799999999860e-01 3.603076800000000190e-01 3.602730399999999888e-01 3.599230400000000274e-01 3.594351199999999968e-01 3.588234799999999725e-01 3.580530000000000102e-01 3.570862799999999782e-01 3.558584799999999770e-01 3.542773599999999856e-01 3.520733200000000229e-01 3.490760800000000108e-01 3.449077600000000077e-01 3.386853200000000119e-01 3.287865200000000265e-01 3.115598800000000113e-01 2.783136800000000077e-01 2.002532399999999990e-01 -7.202068000000000358e-02 1.766757439999999901e+00 1.766713999999999896e+00 -7.194707999999999659e-02 2.002977599999999914e-01 2.783459999999999823e-01 3.115865600000000124e-01 3.288097999999999854e-01 3.387066799999999822e-01 3.449281599999999837e-01 3.490963200000000155e-01 3.520940000000000181e-01 3.542982000000000076e-01 3.558815599999999857e-01 3.571128000000000080e-01 3.580852400000000268e-01 3.588647600000000049e-01 3.594932399999999917e-01 3.600153600000000065e-01 3.604517999999999889e-01 3.608133600000000274e-01 3.611258800000000102e-01 3.613933599999999968e-01 3.616199199999999836e-01 3.618177599999999883e-01 3.619901200000000263e-01 3.621405600000000002e-01 3.622723199999999810e-01 3.623885199999999918e-01 3.624921600000000077e-01 3.625851600000000174e-01 3.626687200000000000e-01 3.627432800000000013e-01 3.628091600000000194e-01 3.628692000000000029e-01 3.629259200000000130e-01 3.629824799999999962e-01 3.630562399999999745e-01
3.626568399999999803e-01 3.625686000000000186e-01 3.624997999999999831e-01 3.624298799999999821e-01 3.623527999999999749e-01 3.622671599999999770e-01 3.621723600000000265e-01 3.620662000000000047e-01 3.619466000000000072e-01 3.618096399999999879e-01 3.616509199999999868e-01 3.614631600000000056e-01 3.612327599999999861e-01 3.609199599999999841e-01 3.603076800000000190e-01 3.545842399999999950e-01 3.595758000000000010e-01 3.595029599999999825e-01 3.590771600000000063e-01 3.584868399999999733e-01 3.577260400000000229e-01 3.567636800000000274e-01 3.555387999999999882e-01 3.539592400000000083e-01 3.517575199999999902e-01 3.487597599999999742e-01 3.445919599999999750e-01 3.383699600000000252e-01 3.284715599999999958e-01 3.112451999999999996e-01 2.779993199999999942e-01 1.999412000000000134e-01 -7.233092000000000688e-02 1.766415279999999921e+00 1.766362039999999967e+00 -7.224679999999999991e-02 1.999902799999999925e-01 2.780361599999999767e-01 3.112755999999999856e-01 3.284982799999999759e-01 3.383947999999999956e-01 3.446160799999999913e-01 3.487840799999999963e-01 3.517816799999999855e-01 3.539857599999999827e-01 3.555690799999999818e-01 3.568002800000000252e-01 3.577726800000000096e-01 3.585521600000000086e-01 3.591806000000000165e-01 3.597027199999999758e-01 3.601391600000000137e-01 3.605007199999999967e-01 3.608132399999999795e-01 3.610806799999999872e-01 3.613072399999999740e-01 3.615050799999999787e-01 3.616774400000000167e-01 3.618278799999999906e-01 3.619596400000000269e-01 3.620758399999999821e-01 3.621794799999999981e-01 3.622724800000000078e-01 3.623560800000000248e-01 3.624305999999999917e-01 3.624965199999999887e-01 3.625565199999999932e-01 3.626132400000000033e-01 3.626698400000000211e-01 3.627435999999999994e-01
3.622953199999999763e-01 3.622070800000000146e-01 3.621383599999999925e-01 3.620685599999999837e-01 3.619916000000000245e-01 3.619061199999999978e-01 3.618112399999999784e-01 3.617059599999999930e-01 3.615871199999999841e-01 3.614517199999999764e-01 3.612955600000000156e-01 3.611141199999999829e-01 3.608991999999999756e-01 3.606364799999999815e-01 3.602730399999999888e-01 3.595758000000000010e-01 3.531653599999999837e-01 3.587095200000000039e-01 3.585943200000000219e-01 3.580737999999999976e-01 3.573370799999999736e-01 3.563856400000000035e-01 3.551656799999999836e-01 3.535894800000000116e-01 3.513894799999999763e-01 3.483944800000000064e-01 3.442259599999999975e-01 3.380045600000000094e-01 3.281067599999999973e-01 3.108810000000000184e-01 2.776357199999999747e-01 1.995786800000000083e-01 -7.268479999999999386e-02 1.766019879999999986e+00 1.765958759999999961e+00 -7.258960000000000412e-02 1.996352799999999983e-01 2.776780799999999938e-01 3.109161599999999970e-01 3.281380799999999986e-01 3.380341599999999724e-01 3.442551600000000045e-01 3.484229600000000038e-01 3.514204400000000006e-01 3.536244399999999843e-01 3.552076399999999912e-01 3.564388000000000001e-01 3.574111600000000055e-01 3.581906000000000256e-01 3.588190399999999780e-01 3.593411200000000139e-01 3.597775599999999963e-01 3.601390800000000003e-01 3.604515999999999831e-01 3.607190399999999908e-01 3.609455999999999776e-01 3.611434399999999822e-01 3.613157599999999858e-01 3.614662399999999942e-01 3.615979999999999750e-01 3.617141999999999857e-01 3.618178000000000227e-01 3.619108400000000114e-01 3.619943999999999940e-01 3.620689599999999952e-01 3.621348400000000134e-01 3.621948799999999968e-01 3.622516399999999859e-01 3.623082000000000247e-01 3.623819600000000030e-01
3.618587600000000015e-01 3.617705999999999977e-01 3.617019200000000101e-01 3.616321599999999803e-01 3.615553200000000134e-01 3.614700000000000135e-01 3.613753199999999999e-01 3.612699200000000221e-01 3.611520400000000075e-01 3.610174800000000017e-01 3.608630400000000238e-01 3.606844000000000161e-01 3.604764400000000091e-01 3.602308799999999755e-01 3.599230400000000274e-01 3.595029599999999825e-01 3.587095200000000039e-01 3.514662399999999853e-01 3.576695599999999975e-01 3.574995200000000151e-01 3.568417600000000078e-01 3.559176399999999796e-01 3.547101599999999966e-01 3.531395199999999845e-01 3.509434000000000164e-01 3.479503999999999930e-01 3.437852000000000130e-01 3.375628800000000096e-01 3.276658000000000071e-01 3.104408000000000167e-01 2.771966399999999942e-01 1.991413599999999895e-01 -7.311647999999999759e-02 1.765526560000000078e+00 1.765469119999999892e+00 -7.300436000000000425e-02 1.992081199999999885e-01 2.772461999999999982e-01 3.104824400000000262e-01 3.277034400000000125e-01 3.375989200000000245e-01 3.438195199999999896e-01 3.479870800000000042e-01 3.509843599999999952e-01 3.531882399999999866e-01 3.547714000000000145e-01 3.560024399999999756e-01 3.569747600000000021e-01 3.577541599999999877e-01 3.583825600000000167e-01 3.589046000000000181e-01 3.593410000000000215e-01 3.597025200000000256e-01 3.600150400000000084e-01 3.602824399999999816e-01 3.605090000000000239e-01 3.607068399999999730e-01 3.608792000000000111e-01 3.610296399999999850e-01 3.611614000000000213e-01 3.612775999999999765e-01 3.613812399999999925e-01 3.614742400000000022e-01 3.615578400000000192e-01 3.616324000000000205e-01 3.616982799999999831e-01 3.617583200000000221e-01 3.618150800000000111e-01 3.618716799999999734e-01 3.619454400000000072e-01
3.613365199999999944e-01 3.612483599999999906e-01 3.611797600000000164e-01 3.611100400000000210e-01 3.610332800000000120e-01 3.609480400000000255e-01 3.608535600000000176e-01 3.607483599999999901e-01 3.606303599999999832e-01 3.604968800000000195e-01 3.603433200000000225e-01 3.601666000000000034e-01 3.599617600000000195e-01 3.597239199999999748e-01 3.594351199999999968e-01 3.590771600000000063e-01 3.585943200000000219e-01 3.576695599999999975e-01 3.494307999999999859e-01 3.564208400000000165e-01 3.561616400000000016e-01 3.553276400000000002e-01 3.541514399999999840e-01 3.525951600000000186e-01 3.504054799999999914e-01 3.474169200000000179e-01 3.432540800000000170e-01 3.370359199999999888e-01 3.271375200000000150e-01 3.099136000000000113e-01 2.766707600000000156e-01 1.986183599999999938e-01 -7.363055999999999768e-02 1.764949480000000070e+00 1.764867280000000038e+00 -7.349996000000000307e-02 1.986967600000000000e-01 2.767301999999999818e-01 3.099638399999999905e-01 3.271836000000000189e-01 3.370783600000000213e-01 3.432985199999999959e-01 3.474657600000000124e-01 3.504628000000000188e-01 3.526665199999999833e-01 3.542495600000000189e-01 3.554805200000000220e-01 3.564527599999999796e-01 3.572321199999999863e-01 3.578604400000000019e-01 3.583824800000000033e-01 3.588188399999999723e-01 3.591803199999999974e-01 3.594928399999999802e-01 3.597602400000000089e-01 3.599867999999999957e-01 3.601846000000000214e-01 3.603569600000000039e-01 3.605073999999999779e-01 3.606391600000000142e-01 3.607553600000000249e-01 3.608589999999999853e-01 3.609520399999999740e-01 3.610356399999999910e-01 3.611101600000000134e-01 3.611760800000000105e-01 3.612361199999999939e-01 3.612928799999999829e-01 3.613495199999999796e-01 3.614232800000000134e-01
3.607078799999999807e-01 3.606197600000000114e-01 3.605511599999999817e-01 3.604815199999999997e-01 3.604048000000000251e-01 3.603196399999999966e-01 3.602252400000000021e-01 3.601202399999999804e-01 3.600024800000000136e-01 3.598688400000000231e-01 3.597165199999999841e-01 3.595407600000000148e-01 3.593379999999999908e-01 3.591036400000000017e-01 3.588234799999999725e-01 3.584868399999999733e-01 3.580737999999999976e-01 3.574995200000000151e-01 3.564208400000000165e-01 3.469704800000000255e-01 3.548930399999999930e-01 3.545162399999999825e-01 3.534438400000000091e-01 3.519236800000000165e-01 3.497506799999999805e-01 3.467696000000000112e-01 3.426120000000000276e-01 3.363965600000000111e-01 3.265036399999999839e-01 3.092777999999999916e-01 2.760367599999999921e-01 1.979876399999999925e-01 -7.424928000000000083e-02 1.764246999999999899e+00 1.764153759999999904e+00 -7.409076000000000550e-02 1.980819600000000014e-01 2.761091199999999857e-01 3.093401199999999962e-01 3.265580799999999728e-01 3.364519200000000154e-01 3.426715200000000072e-01 3.468383199999999777e-01 3.498350800000000205e-01 3.520385999999999793e-01 3.536214799999999880e-01 3.548523199999999989e-01 3.558244799999999985e-01 3.566037599999999919e-01 3.572320399999999729e-01 3.577540000000000164e-01 3.581903599999999854e-01 3.585517999999999761e-01 3.588642799999999800e-01 3.591316800000000087e-01 3.593582000000000165e-01 3.595560400000000212e-01 3.597283600000000248e-01 3.598787999999999987e-01 3.600106000000000139e-01 3.601268000000000247e-01 3.602304399999999851e-01 3.603234799999999738e-01 3.604070400000000118e-01 3.604816399999999921e-01 3.605475599999999892e-01 3.606075999999999726e-01 3.606643600000000172e-01 3.607210000000000139e-01 3.607948000000000266e-01
3.599281200000000180e-01 3.598400400000000277e-01 3.597714399999999979e-01 3.597018399999999949e-01 3.596251999999999782e-01 3.595400799999999841e-01 3.594457600000000030e-01 3.593408799999999736e-01 3.592233200000000126e-01 3.590899599999999858e-01 3.589374000000000176e-01 3.587629999999999986e-01 3.585613599999999956e-01 3.583292799999999723e-01 3.580530000000000102e-01 3.577260400000000229e-01 3.573370799999999736e-01 3.568417600000000078e-01 3.561616400000000016e-01 3.548930399999999930e-01 3.439306799999999886e-01 3.529926800000000031e-01 3.524499999999999855e-01 3.510506800000000038e-01 3.489198800000000156e-01 3.459584800000000127e-01 3.418096400000000257e-01 3.356005200000000133e-01 3.257109200000000149e-01 3.084927199999999980e-01 2.752491200000000138e-01 1.972042400000000029e-01 -7.501839999999999897e-02 1.763368480000000016e+00 1.763257759999999896e+00 -7.482772000000000034e-02 1.973212000000000022e-01 2.753390399999999794e-01 3.085664399999999974e-01 3.257825599999999988e-01 3.356750399999999801e-01 3.418938400000000044e-01 3.460601600000000055e-01 3.490565600000000157e-01 3.512597599999999765e-01 3.528424399999999794e-01 3.540731599999999979e-01 3.550452000000000052e-01 3.558243999999999851e-01 3.564526000000000083e-01 3.569745200000000174e-01 3.574107999999999730e-01 3.577722400000000191e-01 3.580846799999999885e-01 3.583520800000000173e-01 3.585786000000000251e-01 3.587763999999999953e-01 3.589487199999999989e-01 3.590991599999999728e-01 3.592309200000000091e-01 3.593471599999999988e-01 3.594508000000000147e-01 3.595438400000000034e-01 3.596274400000000204e-01 3.597020000000000217e-01 3.597679599999999978e-01 3.598280400000000157e-01 3.598848000000000047e-01 3.599414400000000014e-01 3.600152400000000141e-01
3.589553999999999800e-01 3.588672800000000107e-01 3.587987200000000154e-01 3.587291200000000124e-01 3.586524799999999957e-01 3.585674799999999940e-01 3.584731999999999918e-01 3.583683999999999759e-01 3.582509600000000072e-01 3.581177999999999861e-01 3.579655600000000160e-01 3.577909599999999912e-01 3.575907999999999864e-01 3.573599599999999765e-01 3.570862799999999782e-01 3.567636800000000274e-01 3.563856400000000035e-01 3.559176399999999796e-01 3.553276400000000002e-01 3.545162399999999825e-01 3.529926800000000031e-01 3.401353200000000188e-01 3.506021200000000171e-01 3.498238000000000181e-01 3.478354399999999957e-01 3.449240000000000084e-01 3.407986000000000071e-01 3.345999599999999741e-01 3.247181199999999990e-01 3.075042000000000053e-01 2.742726400000000120e-01 1.962250399999999895e-01 -7.597967999999999389e-02 1.762271399999999932e+00 1.762133519999999898e+00 -7.574224000000000234e-02 1.963711200000000101e-01 2.743794399999999745e-01 3.076014000000000248e-01 3.248150399999999993e-01 3.347061199999999959e-01 3.409237999999999991e-01 3.450894400000000251e-01 3.480853999999999893e-01 3.502882399999999730e-01 3.518706799999999912e-01 3.531012000000000040e-01 3.540730799999999845e-01 3.548521600000000276e-01 3.554802799999999818e-01 3.560021199999999775e-01 3.564383600000000096e-01 3.567997600000000213e-01 3.571121600000000118e-01 3.573795200000000061e-01 3.576059999999999794e-01 3.578038000000000052e-01 3.579761200000000088e-01 3.581265599999999827e-01 3.582583200000000190e-01 3.583745600000000087e-01 3.584782000000000246e-01 3.585712400000000133e-01 3.586548800000000092e-01 3.587294400000000105e-01 3.587953999999999866e-01 3.588554800000000045e-01 3.589122799999999724e-01 3.589689600000000036e-01 3.590427999999999953e-01
